"IS01"	"IS02"	"IS03"	"IS04"	"IS05"	"IS06"
"ANXA2__pos"	3.4733668043771	0.861967161063642	1.42994197280174	5.89047910477462	2.22044604925031e-16	3.38172383884955
"C14orf166__pos"	3.70155945942541	5.38602773795055	2.22044604925031e-16	4.81555354092298	3.99544531602999	2.22044604925031e-16
"CD74__pos"	1.23621005235736	2.22044604925031e-16	2.22044604925031e-16	0.69312333482903	3.21385646494789	9.64613468289831
"CEBPA__pos"	2.76591143477285	5.47933913775188	7.86807416917329	2.22044604925031e-16	2.22044604925031e-16	0.978549623975993
"CHI3L1__pos"	2.22044604925031e-16	8.43304238166063	7.00173353107531	1.71815445031072	2.22044604925031e-16	2.22044604925031e-16
"CSF2RA__pos"	4.7321547395632	3.51216171628471	6.51702857162284	2.22044604925031e-16	4.73839018904326	2.22044604925031e-16
"CTSH__pos"	2.25162073418623	2.22044604925031e-16	2.22044604925031e-16	4.5733187766967	4.22017067893899	6.311615177706
"FABP3__pos"	4.85675874957641	6.59398435970364	2.41577975803006	0.686913051863005	2.04441774485009	2.22044604925031e-16
"FUCA1__pos"	3.65607303587642	5.80476206015988	1.61630811548318	1.89912259218789	2.16573847543858	0.25364412969005
"HLA.B__pos"	2.17608373019554	0.0454504171197784	2.71685756585003	4.5736764853574e-15	6.12535649009062	5.76032797977787
"IER3IP1__pos"	2.57870525009452	5.70234709372154	2.22044604925031e-16	4.18512989957035	5.16509086803576	2.22044604925031e-16
"IGSF6__pos"	2.6527008630146	4.81012849850299	3.31429469984392	1.60231887335097	2.22044604925031e-16	2.71904419931088
"IL13RA1__pos"	2.22044604925031e-16	5.30820461510419	3.21999743990439	3.22421668009618	5.78421020152346	2.22044604925031e-16
"IL2RG__pos"	0.359764219707146	1.55095911193375	5.54343074638789	1.62287220638471	4.91652681466185	2.97547257668243
"ISOC2__pos"	6.31581911146985	3.88418782418887	5.69078009134009	1.61345383838319	2.22044604925031e-16	0.700607691304908
"KRTCAP2__pos"	3.5375495008098	6.63072652355355	2.22044604925031e-16	6.02880937565886	1.99698190674985	2.22044604925031e-16
"LITAF__pos"	2.22044604925031e-16	7.49661663710435	2.38347423396407	5.08999837952522	0.302632208837785	0.233889999137152
"MRPL33__pos"	4.3260572255376	6.01725603082721	2.22044604925031e-16	2.3727873381639	4.58928288095926	0.206925284488049
"PLA2G2D__pos"	0.953790008060085	8.37249922327273	5.4471909391049	2.18676683898327	2.22044604925031e-16	2.22044604925031e-16
"PLCL1__pos"	0.361043632518562	1.97346162025311	2.68779993753512	4.85862538145059	7.33510524064788	0.49431921505674
"PPARGC1B__pos"	3.90145095725037	4.14502569476003	7.35436461848009	0.406547663637965	1.07044046601367	0.533750975819535
"PPIA__pos"	2.22044604925031e-16	0.330318176187955	9.09977323833926	2.22044604925031e-16	2.34891536290713	4.80809996310832
"PSMC2__pos"	5.35010013346681	7.74897664838857	2.22044604925031e-16	2.22044604925031e-16	1.48001628143484	0.9253854719277
"PSME1__pos"	8.98844367395095	6.37960791523615	2.22044604925031e-16	2.22044604925031e-16	0.81690000661355	2.22044604925031e-16
"RAB42__pos"	2.6960063458148	5.41187435442874	7.78402541242627	1.02312554906637	0.605431968092793	2.22044604925031e-16
"RPN2__pos"	2.44219233884807	6.37594583424714	1.19114742984257	4.49803674642564	1.28429860808366	2.22044604925031e-16
"S100A11__pos"	4.65679603722168	2.22044604925031e-16	4.26717342251893	2.22044604925031e-16	5.92192078043955	4.57566087808809
"SDC4__pos"	2.22044604925031e-16	6.69701382894845	4.93094723613197	5.12188183559101	2.22044604925031e-16	0.651649425883116
"SH3PXD2B__pos"	0.824918541441757	5.52836135961959	9.95795197149231	1.08909775736755	2.22044604925031e-16	2.22044604925031e-16
"SLAMF7__pos"	3.79231421557673	0.453310475116188	0.100675058740915	1.52219106592943	4.27829025413358	5.80449048375749
"SLC41A2__pos"	1.13203372512659	5.39906976239859	5.29644460032107	2.99152670417243	1.57804031217637	0.412284492731967
"SOD1__pos"	6.27065656373872	5.18208915006607	2.22044604925031e-16	1.04755033312723	3.44604822829648	2.22044604925031e-16
"SQSTM1__pos"	2.96632592974769	6.83536867616687	2.22044604925031e-16	2.22044604925031e-16	2.22044604925031e-16	3.48435765242149
"TM9SF4__pos"	2.12296126004743	4.11255133462253	0.387979052603037	0.101400032762603	5.58035921707086	2.82669023880891
"TMEM176A__pos"	2.5175693275962	2.22044604925031e-16	2.22044604925031e-16	0.668163457322272	3.8240587689432	7.97506793235572
"ZNF438__pos"	0.927672508367562	5.18252727042101	6.94535622083423	0.570262174113181	1.93350055991976	0.630367312601828
"ALAS1__pos"	4.03853162136292	7.62339025977482	1.33160766319974	2.10107238416003	2.22044604925031e-16	0.612504360003519
"ALOX15B__pos"	3.88288370531796	6.70782243495269	6.0450594376619	0.495774085356677	2.22044604925031e-16	0.148605951559443
"ARHGDIB__pos"	1.19139458484604e-14	0.0855426298347577	9.53123013995921	2.22044604925031e-16	2.22044604925031e-16	6.78639798749559
"ATOX1__pos"	3.8489099888974	0.975934317456952	2.61149251958693	3.2747086727294	4.39661064983771	1.92199778725076
"ATP5J2__pos"	6.83473739766507	5.49633240901889	2.22044604925031e-16	3.7591137561934e-08	1.92490672337624	1.13786580386373
"B2M__pos"	5.98394828211669	2.22044604925031e-16	3.67745073440678	4.79208542130753e-05	2.26640842271606	3.21173597363565
"C2__pos"	0.486539006829879	2.22044604925031e-16	2.22044604925031e-16	3.1497491844539	7.21139035569905	5.84818760889978
"CHCHD10__pos"	2.97310231133826	3.184779171798	6.22264501093497	0.211791584327104	0.302544608901013	2.64008665930015
"CHIT1__pos"	2.60633635947122	5.75854150163023	7.83698792531749	1.75201134188542	2.22044604925031e-16	0.236082020822164
"CINP__pos"	3.79523668493298	1.74861934344033	5.9407655461641	2.09558284802677	3.90896686982499	0.519277989817068
"CKS2__pos"	3.57875218041373	5.5723210499365	2.22044604925031e-16	5.38683780404381	1.9153833940579	1.2629150117183
"CLTA__pos"	1.06349367727362	3.20587282796777	2.78210757187299	2.95022178643948	1.30829319984261	3.8040961048804
"CTSD__pos"	0.289669961050577	9.32196794740844	4.02158169858331	2.38892805169464	2.22044604925031e-16	0.0277345749498931
"CTSK__pos"	2.22044604925031e-16	5.99829895732316	8.79591171489194	1.75707289725385	0.849601694767817	2.22044604925031e-16
"DCAF7__pos"	3.57415571059045	2.83865391119734	0.450904259961307	0.200487596275898	0.792552998051795	5.86877249850741
"ECH1__pos"	7.35903562785462	5.49791366801026	0.16311069326499	0.605586210354723	3.90724169674838	2.22044604925031e-16
"FAM20A__pos"	2.28076227703199	5.89309904781662	9.16120274695482	0.25164358803745	2.22044604925031e-16	0.713744476096691
"FLVCR2__pos"	0.338883548487307	5.08327074113521	10.1083469917324	1.35874361270419	1.10930616660961	0.53560238218091
"FTH1__pos"	2.19676241932803	2.22044604925031e-16	0.0174963617971677	1.23799412801608	5.96900472243331	6.9096928741988
"GM2A__pos"	2.22044604925031e-16	5.77407454654631	9.55549159181227	2.67468784520741	2.22044604925031e-16	2.22044604925031e-16
"GRN__pos"	2.39892126733521	9.63321349717731	2.41305466869044	0.370788792954153	2.22044604925031e-16	0.716040316235974
"HLA.DPA1__pos"	2.71099323704499	2.22044604925031e-16	3.5484906135098	2.22044604925031e-16	1.77318392321239	7.06245360245498
"HSD11B1__pos"	2.73981261330575	8.40135462987145	2.62593541847219	1.5967528322172	2.22044604925031e-16	2.22044604925031e-16
"HSPA8__pos"	0.105466943144944	2.22044604925031e-16	3.55948763344693	3.80035700115847	3.23089622796246	5.89791637679748
"IGF2R__pos"	2.01974525952597	5.32470647231102	8.55388451566395	0.701940009355437	0.280145119110438	0.00368420306395497
"ITGB2__pos"	3.65294007991914	7.16178662994268	3.5694662355835	2.22044604925031e-16	2.22044604925031e-16	0.892056642400636
"LCP1__pos"	2.22044604925031e-16	2.22044604925031e-16	6.34583938197714	2.293841972814	1.40231965360182	6.54414886270077
"LIPG__pos"	4.08890799126439	3.34110093514464	7.76831429031554	1.93268038837011	0.271007130375004	0.794592838967139
"LPXN__pos"	1.35674219865466	1.54944885119752	6.42537891165113	2.22044604925031e-16	1.96975877994504	5.80085651511837
"LRRC61__pos"	0.559696675932708	3.49203538691252	2.22044604925031e-16	0.269573566806205	8.95732115940157	2.52123067739789
"MIEN1__pos"	5.42703801315632	5.3441329861937	0.914935369867736	0.191721822004217	1.55355666231281	1.93754475738353
"NDUFC1__pos"	3.33605557905185	5.34556417053185	1.72058941234896	2.39344176798364	5.28072333951964	2.22044604925031e-16
"NECAP2__pos"	1.16128739766856	0.734438439438626	1.9665889853098	4.22090699626545	5.26014998948	4.66393903359824
"NPFFR1__pos"	1.2015301409163	5.5164614757644	9.66397193737426	1.26367740424205	2.22044604925031e-16	0.587662492291767
"NPM1__pos"	0.52493221500985	0.077204463217482	8.26655914981122	1.67993112386958	0.534821469534394	5.20945466853704
"PADI2__pos"	0.377645370489099	7.58788646037865	4.38328763276206	0.865514115409123	2.22044604925031e-16	2.60874999300338
"PCNA__pos"	0.958773257870985	3.2877949057109	3.36008454453934	2.61734254143053	2.48405669881596	3.07081705579361
"PDIA6__pos"	1.58658338043296	2.22044604925031e-16	4.90339778911346	1.77671414434364	1.19706870500023	6.82251767277596
"PSAP__pos"	4.21148641734848	0.00688977022203312	2.22044604925031e-16	1.01842018339566	1.52191035976825	7.35852490785129
"PSMA2__pos"	3.38885544823675	0.254739065512055	3.70536420629839	0.635642171574857	0.567273680661007	7.30965452527543
"PSMA7__pos"	0.420508400518901	0.811111275135426	4.18476162379963	5.67996077422756	5.22849783114215	1.67773061562831
"PTGES3__pos"	4.0058580371619	2.22044604925031e-16	4.06953405607801	2.22044604925031e-16	2.22044604925031e-16	8.12667947547013
"RPLP0__pos"	2.22044604925031e-16	0.472861195813043	4.74428445313407	2.45989402034745	2.0901625469018	5.88927756720025
"RRAGA__pos"	3.03633603341554	3.99361131817682	4.1145720398912	3.76639191858053	1.52065130042005	0.446310975399669
"SCARB1__pos"	1.83522175858228	1.85822249423134	11.0948771991211	2.29118280969208	0.76888589830191	2.22044604925031e-16
"SCD__pos"	0.0101249254935332	5.26883809402132	7.48006597900091	3.49769623461018	2.22044604925031e-16	2.22044604925031e-16
"SERPINF1__pos"	4.86499186095292	4.31943835062248	5.46986286768422	1.51126630668724	1.41516679682888	2.22044604925031e-16
"SLAMF8__pos"	4.63160171512407	2.22044604925031e-16	2.22044604925031e-16	1.91908294119989	3.65347447963205	5.89781851898698
"SLC15A3__pos"	0.57333955469342	4.25437739974023	7.05282236921761	2.85781317603501	2.22044604925031e-16	1.33796805089289
"SLC1A3__pos"	2.22044604925031e-16	6.88249501684646	8.93228939369147	0.775187729104386	2.22044604925031e-16	1.00212358545209
"SLC28A3__pos"	1.74629645902079	6.10447607889848	7.51583493754098	2.51922392431036	6.4990838084796e-07	1.77819503187384e-11
"SLC2A5__pos"	2.12597174300542	1.72676407756345	11.418546724209	2.04697660520295	0.53817634390328	0.144057307981623
"SNX10__pos"	6.16690450749404	2.61093591678002	2.22044604925031e-16	0.989995390186473	2.05521027928686	3.65456232707743
"TCN2__pos"	2.22044604925031e-16	8.25679156836475	4.18213211279191	2.35358162325307	0.324071385783782	0.435195384838139
"THG1L__pos"	4.97253245020345	4.99280134140187	3.45808812419531	2.29239404931058	2.97137737681732	2.22044604925031e-16
"TMEM109__pos"	3.1166424203786	3.93256953131642	6.93012942162035	2.75453762623834	1.07464989317069	2.22044604925031e-16
"TMEM176B__pos"	2.88279975901753	2.22044604925031e-16	0.455041453528525	0.926245553105561	1.24744501341433	8.56496686904076
"TNS3__pos"	0.676420482100874	6.56503993201336	7.01583029343459	2.22044604925031e-16	2.22044604925031e-16	1.30432892765017
"TOP1__pos"	0.859265868460115	0.919265138850465	2.78828354602669	3.62067669653471	0.288133225718909	6.52568531246656
"TXN__pos"	3.15316305467118	8.52694427498394	2.22044604925031e-16	2.46522348424097	2.22044604925031e-16	1.37655220569526
"UQCRQ__pos"	5.13802111227238	4.22577014314228	0.187341186032806	4.78431400559553	1.64053698048729	0.356861064166125
"ACAT2__pos"	2.93120532451549	5.7342781595811	0.124913026059177	1.47834678047501	5.03143476182947	2.22044604925031e-16
"ACP5__pos"	0.59189551465218	5.49858251257833	7.06437512167769	3.23796850669876	2.22044604925031e-16	0.499948583068205
"ADAMDEC1__pos"	2.22044604925031e-16	9.51638199243118	1.78129307532183	4.56307794884024	0.0115216337195598	2.22044604925031e-16
"ALDH1A1__pos"	5.72707039141599	0.764214932217662	2.22044604925031e-16	2.10422913588761	4.54630038691571	3.34542900953997
"ATP6V1F__pos"	5.40200593544518	6.95203949073003	2.22044604925031e-16	0.632113452607561	0.218949971694711	1.25937897556192
"BCL2A1__pos"	0.0125315631235394	8.25348377341855	0.368344114559813	1.12465154554648	4.28447563094517	0.813566997597673
"BRI3__pos"	4.71964919392347	3.27590998923454	4.09733267396862	0.790125665099712	1.21179462390088	2.16060512593793
"CALR__pos"	2.75782271704068	0.804351199842523	4.14369861677337	1.08489809730298	2.25069935562849	4.53341943452932
"CD44__pos"	4.45236681434935	1.25756002195565	0.728938123914894	2.68633256699308	1.72641937732877	5.62838116144521
"CHTF8__pos"	2.22044604925031e-16	1.34964336955668	3.9284609732413	2.36915241304594	0.869595828071769	6.7516656877165
"COX17__pos"	4.08665000017588	5.15995713334579	0.204898637894183	1.36843766993105	7.28963076717534	2.22044604925031e-16
"CTSL__pos"	2.39062237505087e-13	2.22044604925031e-16	1.06912999156301	4.24531406823556	4.15397118875975	7.73268692472112
"CTSZ__pos"	0.357922910031091	2.22044604925031e-16	2.22044604925031e-16	4.68527538770109	4.51998338889024	6.39985351552732
"CXCR6__pos"	1.2284528847517	4.35016335062425	9.38201921952756	2.50052999107343	2.22044604925031e-16	2.22044604925031e-16
"CYP27A1__pos"	2.0174007660908	7.22407022523918	6.27850794843013	2.22044604925031e-16	2.22044604925031e-16	1.1216356592278
"DBI__pos"	3.27473554096826	0.787174388995405	3.84501422582449	0.583328639942817	2.5755001907861	4.59926105837582
"DNAJC5B__pos"	2.59283317300201	4.52227836695944	6.52567528721496	1.11646941559644	0.804893570675331	0.42620273575285
"EEF2__pos"	2.22044604925031e-16	1.44550118751765	4.54367905199872	3.86936878854578	2.22044604925031e-16	6.87578195480513
"ERP29__pos"	0.534532692683146	0.570155286298587	7.2043881014097	2.9847870236601	2.10940140819361	3.59749040621624
"FABP5__pos"	1.49821381634428	7.25272476893554	0.42723594351539	1.99033838695472	6.33130569245746	2.22044604925031e-16
"FBP1__pos"	0.535593411700352	8.27980960617044	4.14478762649904	2.44710155039385	2.22044604925031e-16	1.16360290614857
"GNS__pos"	3.25043246228635	2.22044604925031e-16	2.48138579367301	1.6437690586816	0.76055006814587	6.94685860338519
"HLA.DRA__pos"	1.77480622212898	2.22044604925031e-16	3.65782459817935	0.682394522925304	2.90495067215027	7.66536176375082
"HSP90AB1__pos"	2.22044604925031e-16	2.22044604925031e-16	2.7669966745518	2.97658502125887	0.101312166307095	8.84386363107572
"IFNG__pos"	3.29369478407236	2.22044604925031e-16	1.01726907583723	1.78423892184741	2.56301728804524	6.92100438707671
"IL18BP__pos"	4.82143063967408	1.10705782898516	3.51377789273915	0.495757046631726	4.79663416651306	2.74883672717835
"IL3RA__pos"	5.68141781457395	4.31982380250614	2.25497829074703	2.3555529749887	2.5344213923857	2.22044604925031e-16
"ITGAX__pos"	2.22044604925031e-16	4.86680460176806	9.31320646854559	0.780178093501444	2.22044604925031e-16	0.995340697048821
"KPNA2__pos"	2.56354822899294	0.422055503643641	3.19563117119403	5.213979745083	1.31726952995961	3.31025425259025
"LAMP1__pos"	4.10700505302618	0.422956505833491	1.68706162808465	0.852351099580607	2.85970499991654	6.78149605938753
"LDHB__pos"	2.22044604925031e-16	0.316847730078461	6.27372753469472	4.19321913705425	0.301898807629097	6.16308689654655
"LILRB4__pos"	2.22044604925031e-16	2.22044604925031e-16	2.22044604925031e-16	3.87784185561488	7.64837186832441	5.45095359346504
"LSM3__pos"	6.68118422166227	4.4309374171399	2.22044604925031e-16	0.234877158517471	7.47016727456596	2.22044604925031e-16
"MMP12__pos"	1.41248851772939	8.48075403501739	2.16415328223272	4.93519056716548	2.22044604925031e-16	2.22044604925031e-16
"MMP9__pos"	7.19463625020296	7.92327204374831	0.296995207582262	2.22044604925031e-16	2.22044604925031e-16	2.22044604925031e-16
"MRTO4__pos"	2.22044604925031e-16	1.51986868294933	0.267582517229671	5.45908137350688	2.58936217721835	6.45282663151728
"NEK6__pos"	3.86971775297483	3.57372983327686	4.40784094614485	0.968539082893103	2.86079102854842	1.52680889504115
"NSDHL__pos"	7.25636887208407	4.91052496698921	2.90218564359851	0.503451049810707	0.95620845429755	2.22044604925031e-16
"PLA2G7__pos"	1.08774477754172	10.0079142254437	2.77883297412983	1.71459710261559	2.22044604925031e-16	2.22044604925031e-16
"PLXNA1__pos"	1.13393151862536	2.73234853693968	11.5423793698252	2.22044604925031e-16	0.413491469945659	1.00626249383124
"PPA1__pos"	2.39274684040124	7.58150061617717	2.3610440485841e-16	4.24944130062938	1.67551889014022	0.667954041367475
"PPIB__pos"	2.22044604925031e-16	2.22044604925031e-16	2.96930216734591	5.15875786208124	3.47810194036139	4.72243450659087
"PSMD7__pos"	5.6661894738232	6.8490840651442	2.22044604925031e-16	2.22044604925031e-16	2.30245315143459	0.350562484095107
"RAB7A__pos"	3.19293557204076	0.0872869132681981	3.72239878966323	2.22044604925031e-16	2.22044604925031e-16	4.66113205172055
"RALA__pos"	2.22044604925031e-16	2.65334340569346	1.5278959997767	1.55025030305236	3.44612066948999	4.15419372100492
"RANBP1__pos"	2.88721826490447	5.26095192307445	0.644094005224469	2.61708643578752	3.01321592396276	0.614738096872781
"RASSF4__pos"	4.13058945462568	0.27525995626846	2.22044604925031e-16	5.71524911150248	1.79582115321501	4.73426533429202
"SCAMP2__pos"	5.65707670116243	3.82521745907845	4.68647785677867	2.22044604925031e-16	2.22044604925031e-16	1.44524698044518
"SDHAF3__pos"	5.03463991101908	4.90206114144794	3.24204185178942	1.15562898612533	4.37487457722121	2.22044604925031e-16
"SH3D21__pos"	1.28050638278222	3.71236650591594	10.3018590357809	2.22044604925031e-16	2.22044604925031e-16	1.35960900321217
"SLC29A1__pos"	2.22044604925031e-16	5.55457667585029	6.10118554605356	3.63307104722038	1.99414836319331	2.22044604925031e-16
"SLC31A2__pos"	2.22044604925031e-16	6.74481392071346	8.8581379315203	1.01594259894308	2.22044604925031e-16	0.472173992415586
"SNRPC__pos"	2.22044604925031e-16	1.87771661295254	3.35524026044898	2.67961542131046	1.27391529651437	5.86612843110957
"SRXN1__pos"	0.982514244693203	5.41797917221189	6.73081564660329	1.37114081665751	0.49733802929218	1.08765772678787
"STAT1__pos"	3.99398106998659	2.22044604925031e-16	0.81706496654907	1.03807624412281	4.60455265378037	5.60164418798467
"SULT1C2__pos"	2.22044604925031e-16	4.99893620763426	8.5143219321233	1.26638271494014	2.22044604925031e-16	2.17420289663443
"TAP1__pos"	1.23182260023482	0.995716012986218	0.979318105335634	4.48672130448529	4.17469416680771	4.61498578339609
"THOC5__pos"	4.97999726696327	2.95893749920741	4.91996958387127	4.40878611062308	1.03789954573991	0.146852033030781
"TIGAR__pos"	1.40451415950793	6.83057815074536	3.78510127796361	2.6877730598089	1.13276544884332	0.714102987866649
"TRIM21__pos"	2.19649424740749	5.70530128366844	1.91247247308532	0.654800911696384	3.50775941193117	1.27562881895429
"APOC1__pos"	6.7360140504358	1.01168855604095	2.22044604925031e-16	2.31192252666164	0.345120847077555	5.18533788858093
"BET1L__pos"	3.61038017722341	3.6333802774995	7.53509834559837	2.22044604925031e-16	0.897797838044322	1.4649530923966
"CAPG__pos"	2.92354063294567	10.1859978768544	1.37487054716998	2.22044604925031e-16	2.22044604925031e-16	0.59878201210603
"CCDC28A__pos"	0.965131256387905	2.22044604925031e-16	5.20287248970112	4.50222412840317	2.22044604925031e-16	7.24202859021853
"CCDC42__pos"	5.55115352342325	6.01892783513304	0.587431254334501	0.18796375818318	2.99220636066632	0.504380086733633
"CES1__pos"	3.59198781070925	5.43839476365232	5.63800955238838	0.75696359364263	0.752327959466707	0.448235727642976
"CLEC4E__pos"	1.99635700999975	8.0936858980079	3.81104135819173	2.49061896489953	2.22044604925031e-16	2.22044604925031e-16
"CSTB__pos"	6.97887151051355	1.06878175172008	3.53448402470837	3.47382331360762	0.000274133995201446	1.36529204220266
"CYP2S1__pos"	3.56615795249123	6.12394864375405	5.21150021655742	2.0442545007302	1.57165765591842	2.22044604925031e-16
"DNAJC3__pos"	2.8405741150529	4.20599539152818	3.74393557697475	5.63871767227797	0.00514295824057717	0.130832964462465
"EIF5A__pos"	2.22044604925031e-16	0.428858748208598	1.27407022689999	3.23610449560564	2.06206477051772	7.2849103791031
"FAM213A__pos"	1.79906198236193	5.23973674448134	8.54385551333219	1.21754253178159	2.22044604925031e-16	3.48824949809922e-12
"FTL__pos"	4.11275783763968	2.22044604925031e-16	0.252465004222964	1.20814241642304	5.99238740632901	4.86825141759981
"GNAI2__pos"	2.22044604925031e-16	0.322008541262654	1.76945479792674	3.53557049614518	3.63619145612345	3.57237703094568
"HTRA4__pos"	4.07005177656243	5.85585169089981	7.25339358461506	0.145407337986564	2.22044604925031e-16	6.95217728105776e-10
"LSM12__pos"	0.927709036797458	1.15494243394475	5.90228623045782	5.08617964711359	6.22993412125291	1.58274878532308e-08
"MITF__pos"	1.16142900382908	6.63571600854718	4.94866776708014	2.22044604925031e-16	1.20940536215823	1.19742689654014
"MRPL45__pos"	3.77670543087047	3.42077034972872	4.1835057933881	1.92572360920591	4.48204834385078	2.22044604925031e-16
"MYOF__pos"	5.72189862125253	2.22044604925031e-16	0.300968182297025	3.50939368985316	4.24995253170806	3.7957492630197
"NR1H3__pos"	2.22044604925031e-16	6.6437188427149	8.50172021866321	2.22044604925031e-16	2.22044604925031e-16	1.67547889717169
"NRM__pos"	0.681802885685075	3.57948881480162	2.22044604925031e-16	0.236985887802581	8.57864027436378	2.79896792820634
"PDCD1LG2__pos"	4.12585687913703	2.22044604925031e-16	2.22044604925031e-16	8.92737721468152e-05	4.36274781237338	7.80072757750401
"PFN1__pos"	2.22044604925031e-16	0.794045214616532	5.89623300660252	1.90645748845142	0.848798322056952	5.77009931746084
"PLAU__pos"	0.32267728216083	6.75361329121516	8.83199358225747	0.766212166235496	2.22044604925031e-16	2.22044604925031e-16
"PPT1__pos"	2.00420250901804	6.86088470738566	2.07667476281981	3.55889242297087	0.390888305000288	1.16428338295915
"PRPF4__pos"	2.22044604925031e-16	1.10012625988678	2.14111437121858	2.21042819991802	0.00698671407928571	8.41331174340342
"PSMA4__pos"	2.34867950344795	6.00876242312993	1.34406022779963	1.98187723745767	2.85669312205692	0.565237446864338
"RAC2__pos"	0.932004102236419	3.15624605790967	3.2574669286734	1.7466732712213	6.51757530574851	0.325140543221111
"RPL12__pos"	9.00266104408424	2.93632233007092	0.979958249526212	0.397586200396446	4.04078263289656	2.22044604925031e-16
"RPL38__pos"	4.61646608666829	3.81358363035421	0.00714986648769011	1.74155389671022	6.87185589390768	2.22044604925031e-16
"RPL41__pos"	2.22044604925031e-16	1.42681340352209	7.18154854985954	0.880194105905542	0.611427211408908	6.14459752494981
"SIGLEC15__pos"	5.26786058378942	3.89077803390415	6.37266090634964	1.47169686533768	2.22044604925031e-16	1.17354142723879
"STEAP3__pos"	2.22044604925031e-16	6.83941274174403	7.0755792684092	1.09974994322059	0.689295671805723	0.866938406356565
"TFEC__pos"	2.96829390730123	3.27490344646795	3.03347566072013	2.22044604925031e-16	1.68905205130007	3.96686362357514
"TFRC__pos"	2.22044604925031e-16	4.41232490954204	6.89210476073952	3.09773460098733	1.34115894847643	0.548445450975501
"TMSB4X__pos"	0.363091064346467	2.22044604925031e-16	6.10731373929521	1.58784850129859	1.46663064183047	7.35987422924984
"TOMM6__pos"	1.35307292966327	5.09469901862945	0.358421108674864	4.16399598833712	6.01770764942776	1.73877607042465e-12
"TUBB__pos"	2.22044604925031e-16	0.0512562522214334	5.28167228328066	2.22044604925031e-16	3.40202437811209	7.28495859440452
"VEGFB__pos"	1.46220995021095	3.95995292175161	2.22044604925031e-16	3.17394194169905	1.47781832349847	4.46221334921026
"VIM__pos"	6.2779006395898	1.53984472216602	1.24858887981042	0.808020769468956	2.22044604925031e-16	5.09895948084338
"WARS__pos"	3.66391127451739	2.22044604925031e-16	2.22044604925031e-16	0.558047326076337	7.57596344775784	4.95709823318529
"ACO1__pos"	1.36139414148686	5.50958576963715	8.79774760132058	3.33629049611747	2.22044604925031e-16	2.22044604925031e-16
"ACTB__pos"	0.921176950834541	2.22044604925031e-16	6.78432389324401	2.22044604925031e-16	2.99092323205102	6.28677563649688
"AL645922.1__pos"	2.57277733597624	8.05416410654018	2.22044604925031e-16	1.37934704407041	3.1866351527703	0.302354557759333
"ANXA5__pos"	5.64268279700469	0.168730936615673	0.458000732225533	2.22240949891266	4.9273104901614	3.4530473107905
"APOC2__pos"	5.96825919083682	5.19847497212654	2.17999157867635	0.737981195704118	0.543876154017936	2.22044604925031e-16
"APOE__pos"	7.06262096381024	6.81098759328636	1.94635816921279	0.141486257094959	2.22044604925031e-16	2.22044604925031e-16
"ATP5B__pos"	3.46387726237638	0.627954657561629	1.99975760689573	2.22044604925031e-16	3.67992553980247	6.51842036385136
"ATP6V0C__pos"	3.92733463221355	6.50631934044443	2.0879465777702	2.93648476126112	2.22044604925031e-16	0.671676875162725
"ATP6V1A__pos"	3.94506858481712	1.28599466861583	3.55458021603445	2.22044604925031e-16	2.71760766394523	4.50332236975708
"CALU__pos"	3.099958481566	5.51496158156197	1.86634506449832	3.55832298445943	3.08131013798051	2.22044604925031e-16
"CD63__pos"	3.8608586089084	2.22044604925031e-16	0.806151254000013	2.40393591483211	4.42873201187579	4.80523124647839
"CD81__pos"	0.0528679930005636	2.22044604925031e-16	2.22044604925031e-16	2.43046072500919	9.17450630850782	5.96867019090009
"CLIC1__pos"	2.22044604925031e-16	2.22044604925031e-16	10.4038635868756	2.84225371316083	2.11935893091592	2.385504592945
"CPM__pos"	3.39744396814948	6.56868793694832	3.97796419894442	2.57033487593244	1.0238412198668	0.429038502190455
"CTSB__pos"	1.7907627883844	2.22044604925031e-16	2.22044604925031e-16	1.25174196184254	5.86256203076837	6.80304589602804
"CTSS__pos"	1.12040233933549	2.22044604925031e-16	0.599897906975482	1.4864479334193	5.41652442788118	6.65461256811223
"CXCR3__pos"	6.04700238704314	5.93387465612853	4.96623053939712	1.31076478359193	2.22044604925031e-16	2.22044604925031e-16
"EEF1E1__pos"	5.16467556292141	1.67445466772314	4.17302507356551	4.76483672501586	2.10014530132239	2.22044604925031e-16
"ENO1__pos"	0.700058517213392	1.9617597320116	2.84091366675274	2.22044604925031e-16	6.90534831367489	4.09674935531609
"ENPP2__pos"	3.2589062217436	6.72833789031826	3.32091023521107	2.87207550531412	1.16537210546591	2.22044604925031e-16
"GAPDH__pos"	2.22044604925031e-16	0.0013062776423359	4.9633057150033	1.13771745448514	6.69747643279215	4.15571815170154
"GPNMB__pos"	2.22044604925031e-16	8.94954753902721	5.54320603775945	2.1459821101887	2.22044604925031e-16	2.22044604925031e-16
"GPR137B__pos"	1.43204567139473	6.58184995892462	2.28424473113246	6.7978943943541	2.22044604925031e-16	0.448273587190567
"GRINA__pos"	2.459714706724	6.8282906335429	3.41791984214068	2.6511863225256	2.22044604925031e-16	8.99233285013279e-05
"HAX1__pos"	2.22044604925031e-16	1.0345714059787	5.49712257216923	3.96616330878111	0.819108909968314	5.76971535839307
"HEXB__pos"	8.39604738271167	0.739283837360367	4.68952482953572e-10	0.818592362742952	0.99222730545961	5.0438011872624
"HLA.A__pos"	3.12608998924993	0.388981572181405	2.3588945848545	1.33128995411169	3.84178446024419	4.72472895457607
"HLA.DQA2__pos"	3.91782286648376	3.64026503587958	4.71214680671274	3.83170589232306	1.99493022444497	2.22044604925031e-16
"HMGN4__pos"	2.43482676217043	2.0870049219023	2.31695036963842	2.22044604925031e-16	2.17447111229333	7.32299860390867
"HSD17B14__pos"	2.22044604925031e-16	6.45564156858916	6.57902318495993	2.54049343027807	1.01113438205589	2.22044604925031e-16
"IFI30__pos"	8.23554144887031e-12	2.22044604925031e-16	2.22044604925031e-16	1.80450574727076	7.9925431429957	7.66317645804579
"IFNGR2__pos"	4.35132176545479	2.22044604925031e-16	0.73645096050568	2.22044604925031e-16	3.81774570788496	8.14447244099211
"IL2RB__pos"	0.0101072264464068	1.75359929605092	0.389645222158728	1.81854251645993	6.28055057300536	6.18111839039814
"IL32__pos"	1.970875772013	0.609046126791699	3.25336199228668	4.9817323852849	1.29184965683493	3.84372662765942
"LDHA__pos"	2.05038334666263	1.0132119320606	4.49369487962736	2.27688546398528	1.9856881485686	4.08286905162837
"LYZ__pos"	2.22044604925031e-16	10.5987446069277	2.77133919266059	2.73522372491558	2.22044604925031e-16	2.22044604925031e-16
"MMP14__pos"	1.60343304582944	6.4065391924568	7.95229739284138	1.03119475721005	2.22044604925031e-16	8.18095946039516e-11
"MREG__pos"	1.5216342674785	4.46961359460831	7.46107868036427	3.32882198926032	2.22044604925031e-16	0.341076529778264
"MYL12B__pos"	6.18662205106894	0.603055592970009	8.07045982591122	3.12634732630454	0.373493777428192	0.65603464305282
"NME2__pos"	2.22044604925031e-16	1.47784241825069e-09	5.84943790883117	1.37625978265671	2.73743366096551	6.93895416682422
"NONO__pos"	2.22044604925031e-16	2.69626216664064	2.60285852484307	4.34089533406697	0.112867700852742	5.42352909786877
"NPL__pos"	2.65906892229327	0.916259990861128	2.22044604925031e-16	1.98350118475695	3.5734431542102	5.75480583084732
"PPP1R10__pos"	2.22557816903811	1.77143215000547	4.64726618577259	2.3438336232869	4.65005066893257	1.36579784469617
"PRDX1__pos"	3.86221482104676	0.0694384579066729	1.13204564006332	2.15951474714149	4.28744661388388	4.77253754948137
"PSMB5__pos"	2.16707641922734	5.12333003508189	3.10849615749095	2.22044604925031e-16	2.22044604925031e-16	3.48051297771268
"PTGDS__pos"	6.05427507230515	7.89788485717133	1.2410104944763	1.0881510189827	2.22044604925031e-16	0.0679548098396361
"PTPMT1__pos"	0.176414680108666	7.52330737269113	4.58274135897821	1.90949667651197	3.48686340772812	2.22044604925031e-16
"RBPJ__pos"	2.22044604925031e-16	5.34625676391751	6.29319665065346	3.00518457445581	1.89992358713446	0.201370701358241
"SCPEP1__pos"	2.56849626552831	0.516216694776895	1.24891371568295	1.36263221558493	2.14932551606429	6.46659210571263
"SEPHS2__pos"	0.253071200553134	3.59405473410189	2.22044604925031e-16	2.22044604925031e-16	6.36572418246037	4.17424334699041
"SLC29A3__pos"	2.33703458575964e-13	6.82768231971779	7.00350716615597	2.35678242313442	2.22044604925031e-16	0.64185428395234
"SLC43A3__pos"	2.34361681522476	1.85046288577391	1.3109183296181	1.8211878744718	4.00828147771124	3.91989218224029
"TMED10__pos"	2.22044604925031e-16	0.332212971974091	4.71669018631634	1.15330191385482	2.50690058522645	7.56567112014629
"TNFAIP2__pos"	1.26760542794646	4.3837335008189	7.43700345288183	2.22044604925031e-16	3.87061549523078	2.75606578734269e-15
"TNFSF15__pos"	2.22044604925031e-16	5.9373846469597	8.2924933364186	1.31138955751467	2.22044604925031e-16	1.46467640987679
"UBD__pos"	2.22044604925031e-16	2.22044604925031e-16	2.07504591917271	3.11327768098912	5.41065246196465	6.57117331541639
"YWHAB__pos"	2.22044604925031e-16	2.22044604925031e-16	6.07866169531774	2.78970901155165	2.29602328642046	6.57831248643464
"ANXA2__neg"	2.31959700164644	2.17282624422674	3.97407478027609	0.613601180994134	4.33599806152206	1.90538553288822
"C14orf166__neg"	1.06261330079518e-07	2.22044604925031e-16	9.91282054457713	1.02124902439174	2.22044604925031e-16	6.28826192928
"CD74__neg"	6.26443513823675	7.45591414660705	2.22044604925031e-16	2.39558701145825	2.22044604925031e-16	2.22044604925031e-16
"CEBPA__neg"	2.22044604925031e-16	2.22044604925031e-16	2.22044604925031e-16	7.30875611334945	5.05199024687266	5.37072997686918
"CHI3L1__neg"	1.64859122176017	2.22044604925031e-16	2.22044604925031e-16	0.665913501179847	9.94065938620668	6.0082928226523
"CSF2RA__neg"	2.22044604925031e-16	1.49983171284265	1.87413743731592	6.01508476266091	2.48557829884608	5.62955318483778
"CTSH__neg"	3.74057421460326	7.39952360806909	4.67238031455445	2.22044604925031e-16	0.994830217635123	0.070406627781035
"FABP3__neg"	2.22044604925031e-16	2.22044604925031e-16	2.8068365436593	4.14615972438469	1.09690219665545	7.78402578368045
"FUCA1__neg"	4.46923265938904	1.28488042340587	2.22044604925031e-16	0.224429778979741	3.07396934882045	5.60397340173149
"HLA.B__neg"	5.25283346371754	7.09512879921021	2.38709606781676	0.778270889597802	0.628493520048958	2.22044604925031e-16
"IER3IP1__neg"	0.827278615489569	2.22044604925031e-16	6.74147633391792	2.22044604925031e-16	2.22044604925031e-16	8.26559013271592
"IGSF6__neg"	3.90028711301257	0.896544809008343	3.51697791243039	4.54562456658918	4.27548696467187	1.07119305945814
"IL13RA1__neg"	4.42832400227172	1.1254596460399	0.618814879420683	1.38762675554719	0.234686665790319	7.33812462942797
"IL2RG__neg"	4.77909679267772	4.09116458218231	0.921635533963835	4.22300960386204	0.212951471625871	1.76581307558002
"ISOC2__neg"	2.22044604925031e-16	0.135196818581015	2.22044604925031e-16	4.69553049363906	4.38350382122481	7.46282724319893
"KRTCAP2__neg"	1.79550831767362	2.22044604925031e-16	4.80495676976317	2.22044604925031e-16	1.75076016104483	8.49531702301965
"LITAF__neg"	4.35006133265856	2.22044604925031e-16	2.22044604925031e-16	2.22044604925031e-16	3.47394593798811	7.3525045198674
"MRPL33__neg"	0.34445931743943	2.22044604925031e-16	4.48600560564535	0.321471572203018	2.22044604925031e-16	9.98158160942726
"PLA2G2D__neg"	0.599862487582032	2.22044604925031e-16	2.22044604925031e-16	0.784404702775362	6.50674769205223	8.64058770088419
"PLCL1__neg"	2.42296147776972	4.46234753219261	3.69696678768455	3.04482598745052	2.22044604925031e-16	1.74889621500727
"PPARGC1B__neg"	1.1858556594563	0.121805846536374	2.22044604925031e-16	7.39570724755766	0.594341382432389	6.7736643481442
"PPIA__neg"	4.31462709653871	4.64780173307928	2.22044604925031e-16	4.93668302572216	2.81844324140051	0.100046797740336
"PSMC2__neg"	2.22044604925031e-16	2.22044604925031e-16	1.87093673252665	5.53717076456683	0.893476541493326	7.69875726753409
"PSME1__neg"	2.22044604925031e-16	2.22044604925031e-16	2.11974668477722	3.33044914952522	1.754056996511	8.14396694118203
"RAB42__neg"	2.22044604925031e-16	2.22044604925031e-16	2.22044604925031e-16	4.82862469764682	2.56195447273414	8.33783672852521
"RPN2__neg"	1.46598954535326	2.22044604925031e-16	1.30173917842643	2.49669624522297	0.000268686833658607	8.80945354995988
"S100A11__neg"	1.38653774449524	8.17454366831521	2.22044604925031e-16	6.55317026817274	2.22044604925031e-16	1.05067320717863
"SDC4__neg"	5.6843091190819	2.22044604925031e-16	2.22044604925031e-16	2.22044604925031e-16	3.94360432764326	7.25608586143992
"SH3PXD2B__neg"	1.04503250467714	2.22044604925031e-16	0.0176693192953875	4.13330160870462	4.80020062475795	6.59459237737669
"SLAMF7__neg"	0.578681603652466	7.35662921302677	7.18174924594748	2.22044604925031e-16	0.349171129312816	0.167624390567903
"SLC41A2__neg"	3.80711034712494	1.6998851194536	2.22044604925031e-16	1.55667067780539	1.37983815410889	6.58134108001133
"SOD1__neg"	2.22044604925031e-16	2.22044604925031e-16	6.94038783674168	3.95460808245654	2.22044604925031e-16	5.12121618614108
"SQSTM1__neg"	0.132248954347385	2.22044604925031e-16	2.67280750458666	7.52641832704045	7.28344272426415	1.08809092046966
"TM9SF4__neg"	3.91378084864184	3.7513689840446	2.73443120207716	2.65570878649355	2.22044604925031e-16	2.35890105611719
"TMEM176A__neg"	1.03500458652524	8.52715248690436	4.68234189710222	0.836307591341412	2.22044604925031e-16	2.22044604925031e-16
"ZNF438__neg"	1.86714133883133	0.100281918948874	2.22044604925031e-16	4.71350363428385	2.23961480595546	6.51830186083575
"ALAS1__neg"	0.778377078667043	2.22044604925031e-16	2.08836294021812	3.57892374560261	4.20659737466958	6.16411638825222
"ALOX15B__neg"	0.453870506071237	0.0334873292047172	2.22044604925031e-16	3.54393577215377	2.92435316869019	8.97941847869245
"ARHGDIB__neg"	5.29890422891363	4.42210844613571	2.22044604925031e-16	5.99155216690891	2.11541474803471	2.22044604925031e-16
"ATOX1__neg"	3.04622470305788	3.9644628565327	2.22044604925031e-16	1.58230647381405	2.22044604925031e-16	4.97790875385515
"ATP5J2__neg"	2.22044604925031e-16	0.227885667559152	5.57809999360341	4.80485578163968	2.22044604925031e-16	5.44368050974525
"B2M__neg"	2.22044604925031e-16	4.58011699654095	2.22044604925031e-16	9.68213847368677	2.22044604925031e-16	0.37897075781101
"C2__neg"	0.802303815017246	9.25873611088234	3.87636267324464	0.447236173274634	2.22044604925031e-16	0.37236049847851
"CHCHD10__neg"	3.55500586760214	3.79158995593842	1.79545940250154	1.95757286554589	4.64535931430441	0.673154029048218
"CHIT1__neg"	1.45024361071596	0.759709605469919	2.22044604925031e-16	1.63925470908671	9.26596157473706	5.12692081048464
"CINP__neg"	2.22044604925031e-16	0.727298266358298	2.30693660561372	4.72625727013534	2.22044604925031e-16	7.07800893497572
"CKS2__neg"	2.22044604925031e-16	2.22044604925031e-16	9.48283528915829	2.22044604925031e-16	3.58046244825226	5.42221239731321
"CLTA__neg"	2.11773427514339	3.42479581330043	3.67186419539307	3.10899682834055	3.70269435218429	0.753740498849725
"CTSD__neg"	2.22044604925031e-16	2.22044604925031e-16	2.22044604925031e-16	1.97158179321112	10.2215970402261	5.73595198053369
"CTSK__neg"	3.43029644711718	1.11180224727804	2.22044604925031e-16	2.59237366403472	1.52585609720319	7.05745789795636
"DCAF7__neg"	2.35038178564862	2.46837324061981	5.26784710768327	5.14157363728997	1.46614473294758	0.492289329756811
"ECH1__neg"	1.69108271757874e-05	2.22044604925031e-16	4.9277187631907	3.68802020384454	2.22044604925031e-16	7.6932588390378
"FAM20A__neg"	1.04935719919787	2.22044604925031e-16	2.22044604925031e-16	6.45133820030142	6.14133747742992	5.32604853040391
"FLVCR2__neg"	4.11243247920513	2.22044604925031e-16	2.90999156784175e-16	4.23112423732264	4.2223897660447	5.59857379982154
"FTH1__neg"	2.91741303785883	9.81777057038349	1.55661419753243	0.549500178991905	2.22044604925031e-16	0.0630209828447923
"GM2A__neg"	3.79251254563892	2.22044604925031e-16	2.22044604925031e-16	1.64046121834944	3.49367061686585	7.58779490727722
"GRN__neg"	2.22044604925031e-16	2.22044604925031e-16	2.22044604925031e-16	2.59215461284253	6.00600267493238	8.06203126259007
"HLA.DPA1__neg"	0.361826526193938	6.56737491975494	2.22044604925031e-16	4.37129161200364	4.59296461662311	2.22044604925031e-16
"HSD11B1__neg"	2.22044604925031e-16	2.22044604925031e-16	0.83232403393572	1.5118702904376	2.22629281814577	9.76989218903589
"HSPA8__neg"	8.47128172783781	5.12050098643592	2.22044604925031e-16	2.25845421514414	2.22044604925031e-16	0.589185078473476
"IGF2R__neg"	1.82915291301554	2.22044604925031e-16	0.553734793519683	5.6777736330941	1.78920333091867	6.27417426286167
"ITGB2__neg"	2.22044604925031e-16	2.22044604925031e-16	0.435556971497621	9.76250527313861	3.09432260525653	4.19521317170776
"LCP1__neg"	5.78595662781431	7.74548498010975	2.22044604925031e-16	1.55838100772194e-06	0.723725667903219	1.0484056434464
"LIPG__neg"	2.22044604925031e-16	0.724622392784506	0.575536017993539	6.08618107323381	2.28433295874516	6.71973588041218
"LPXN__neg"	4.11494176983588	5.07945396962878	2.22044604925031e-16	4.50039711392557	4.8330072690739	2.22044604925031e-16
"LRRC61__neg"	2.07690994006738	3.69087538900859	3.38849919132131	4.09347370726895	2.22044604925031e-16	2.32633052966148
"MIEN1__neg"	2.22044604925031e-16	0.320726256190435	4.36402266435449	3.8661130675102	4.14557274778007	4.33016697908339
"NDUFC1__neg"	1.02718876900638	2.22044604925031e-16	3.6473291630039	4.86482980750593	2.22044604925031e-16	7.21492855204609
"NECAP2__neg"	2.72359379764898	5.89929459369842	3.21034819977504	7.98964250261826e-14	1.11147982674434	3.0481775497162
"NPFFR1__neg"	2.09633951216564	0.521640422421428	2.22044604925031e-16	3.16878707463029	7.38305321193328	5.16218456419345
"NPM1__neg"	0.619939286981026	5.7036987534551	2.22044604925031e-16	5.00320809625895	5.07852512491018	2.22044604925031e-16
"PADI2__neg"	2.22044604925031e-16	2.22044604925031e-16	2.22044604925031e-16	4.12664089101907	9.8968436627488	4.8145232754368
"PCNA__neg"	6.28456481007698	1.39019555647644	2.04654041486759	2.92937311063297	5.7379414785626	2.22044604925031e-16
"PDIA6__neg"	0.551718329630734	8.4213607599787	2.22044604925031e-16	3.66050589960251	3.21380788788991	2.22044604925031e-16
"PSAP__neg"	0.329798747336595	9.11240568102569	2.32100448839858	0.787659247927469	0.209309971032369	0.597606233741877
"PSMA2__neg"	2.58240084480001	5.10220495169314	1.77333392502664e-08	3.79154166745517	3.83186096347364	1.47844098833877
"PSMA7__neg"	6.86646878622381	3.97152735965219	0.921871161082929	3.51470093141636e-08	1.0016074464529	2.56725158154166
"PTGES3__neg"	2.22044604925031e-16	5.84423654228591	0.833647528578207	6.73170783942832	4.73998053899671	2.22044604925031e-16
"RPLP0__neg"	13.8287257552695	3.00166541224001	1.8343122657613e-15	2.22044604925031e-16	2.22044604925031e-16	0.0882249757627328
"RRAGA__neg"	1.74567657107543	0.746377262207566	2.196957877925	3.98789221421707e-16	2.46035308768215	7.4396902050344
"SCARB1__neg"	1.07218847069648	0.463664723732216	2.22044604925031e-16	4.92282716721469	3.74653382269564	5.34934537957886
"SCD__neg"	4.62376148489746	2.22044604925031e-16	2.22044604925031e-16	0.4708575066992	5.62135573695805	5.18258966001371
"SERPINF1__neg"	2.22044604925031e-16	0.527615480988285	2.76121073255579	2.69516989162602	1.05205655134205	8.08893733266137
"SLAMF8__neg"	2.22044604925031e-16	7.44702720141539	6.83363122781198	0.00125011625654701	2.22044604925031e-16	0.907434811258619
"SLC15A3__neg"	4.43280881345925	1.35135545532033	0.713970409986732	1.87181789130284	5.812884483136	2.60969492158343
"SLC1A3__neg"	3.12068535007002	2.22044604925031e-16	2.22044604925031e-16	2.73677064724419	5.77638391123627	6.42827531950114
"SLC28A3__neg"	2.57776892382535	0.579020788194813	0.999728013242216	2.22062698611705e-14	4.16976530874152	7.91108874208397
"SLC2A5__neg"	2.22044604925031e-16	1.9227657818999	2.22044604925031e-16	2.70073589807111	4.56939884965429	5.64803300338082
"SNX10__neg"	0.154176558565495	3.93332686218618	6.30942906397157	5.3998657432406	0.496556371773516	0.58527282007181
"TCN2__neg"	1.03379929744425	2.22044604925031e-16	2.22044604925031e-16	2.23434629778202	3.73734627715445	8.35401130121011
"THG1L__neg"	2.22044604925031e-16	1.95298755129213	4.1944874413702	3.77439007665724	1.02765048643042	6.05278092882656
"TMEM109__neg"	0.598895341428052	0.384702049842351	2.49134408998319	0.330321099684013	3.15543679071183	8.1380149249389
"TMEM176B__neg"	2.81475968082294	8.28003055113	2.34888837418158	1.16194551383766	0.0192543309067742	2.22044604925031e-16
"TNS3__neg"	1.30209135943022	2.22044604925031e-16	0.00384800868188516	7.01825078070853	3.49349486420225	5.1071380851589
"TOP1__neg"	4.51594386106376	6.35644492680298	3.10175296062798e-15	2.22044604925031e-16	4.90754907681896	2.22044604925031e-16
"TXN__neg"	2.22044604925031e-16	2.22044604925031e-16	4.14738653454174	0.758664765245058	6.14836041813635	6.39744866990329
"UQCRQ__neg"	0.930064467660909	0.572269712442845	7.08399862852318	1.94575687245312	4.71505827578925	2.23061297727109
"ACAT2__neg"	2.31576134712749	0.425838585098351	3.7741748443444	0.875300011069393	0.773876813882738	6.26850138332412
"ACP5__neg"	1.26968512101696	0.196361660141196	0.614499743691334	0.989739441621887	7.27643233724571	6.16510995071093
"ADAMDEC1__neg"	2.67968534694327	2.22044604925031e-16	0.246212611327254	2.22044604925031e-16	4.49199942818838	8.5113820490645
"ALDH1A1__neg"	3.43358134454097	3.08426157724141	4.88280235954841	2.03066767119483	2.36947239016908	0.934854355183366
"ATP6V1F__neg"	2.22044604925031e-16	2.22044604925031e-16	4.97339542170094	1.34228022475465	0.430655288699657	7.87670714490879
"BCL2A1__neg"	4.63318806935715	2.22044604925031e-16	0.00113751053706156	2.33438480160511	1.10409767938102	7.19099297061666
"BRI3__neg"	3.7069047587598	1.15172371972925	2.1932856513792e-12	2.06558345438229	2.46094048073248	5.8984088982499
"CALR__neg"	2.65910897544536	5.69064512512134	0.0787773313478163	3.59555701693575	3.61587672026036	2.22044604925031e-16
"CD44__neg"	2.22044604925031e-16	3.06934511240332	9.72975076527116	2.99293907742909	3.29151133162172	2.02916236566081e-06
"CHTF8__neg"	6.96847151576393	5.60072611607841	2.22044604925031e-16	1.88845425787574	1.46316965025789	0.415805238187883
"COX17__neg"	2.14925772500467e-08	0.317994465601751	7.00853045366526	3.80617709033075	2.22044604925031e-16	6.09880193600737
"CTSL__neg"	3.57759030701577	11.6147172849672	0.00025396880951021	2.22044604925031e-16	2.22044604925031e-16	2.22044604925031e-16
"CTSZ__neg"	0.494073487965301	10.942555697484	2.27289513494464	2.22044604925031e-16	2.22044604925031e-16	2.22044604925031e-16
"CXCR6__neg"	2.22044604925031e-16	0.363103346548835	2.22044604925031e-16	3.97430812695789	7.01623498989789	5.32487217681156
"CYP27A1__neg"	2.22044604925031e-16	2.22044604925031e-16	2.22044604925031e-16	4.42879775761229	7.66177782402702	5.90308141143712
"DBI__neg"	5.02645498178733	3.43868393741758	1.8103086060847	4.17279725834647	2.24749671133342	0.0980123327787837
"DNAJC5B__neg"	0.365983822928343	2.22044604925031e-16	2.22044604925031e-16	4.05724460435725	0.961146607303404	8.45330265030625
"EEF2__neg"	7.21700894957952	4.13079160491689	2.22044604925031e-16	2.22044604925031e-16	7.72451015038988	2.22044604925031e-16
"ERP29__neg"	7.35931295503917	4.66413855734983	0.960426214957065	2.22044604925031e-16	3.51715159845695	0.0340540553161672
"FABP5__neg"	2.82537351121355	2.22044604925031e-16	4.58714539082215	1.7944514674988	2.22044604925031e-16	7.57057724475245
"FBP1__neg"	2.09721737608742	2.22044604925031e-16	1.26502478955628	2.8447087231193	4.11443135431396	7.17774102827009
"GNS__neg"	2.22044604925031e-16	8.93392219883486	2.29753942347926	0.466576473089033	2.85250821969953	4.15120942621527e-16
"HLA.DRA__neg"	0.838001835877667	7.73293116802577	2.22044604925031e-16	5.87865301311398	2.62967145880641	2.22044604925031e-16
"HSP90AB1__neg"	11.4758620094055	4.89095238642134	2.22044604925031e-16	2.22044604925031e-16	0.26392462135861	2.22044604925031e-16
"IFNG__neg"	1.00216384486073	6.50818176368339	5.68844984937144	3.01721861814504	2.22044604925031e-16	2.22044604925031e-16
"IL18BP__neg"	1.32672443097554	6.80849202036733	1.63384376231273	2.00037456448985	0.674106757072488	2.32368649254665
"IL3RA__neg"	2.22044604925031e-16	1.23716991747096	1.09348767494239	0.273010946346939	2.19455958840586	9.00359685906801
"ITGAX__neg"	2.19856473439816	3.06921707052155	2.22044604925031e-16	1.08136877180538	5.23262145110711	3.7191690360735
"KPNA2__neg"	2.40809348779203	4.08666767830084	2.27104718116374	3.75983270590811	1.34846716103331	1.33437085746703
"LAMP1__neg"	2.22044604925031e-16	6.2663084229118	4.6077357571051	6.85794106994641	3.75232243301057e-13	2.22044604925031e-16
"LDHB__neg"	6.8961821787941	6.5326488348605	2.22044604925031e-16	2.22044604925031e-16	3.76734032094098	2.22044604925031e-16
"LILRB4__neg"	1.47525519451302	9.20980465857067	4.29125789559383	2.22044604925031e-16	2.22044604925031e-16	2.22044604925031e-16
"LSM3__neg"	2.22044604925031e-16	0.918882702510093	5.30746306357564	1.41743765848885	2.22044604925031e-16	8.36985808286294
"MMP12__neg"	0.109229788475881	2.22044604925031e-16	2.22044604925031e-16	2.22044604925031e-16	6.04655089393746	9.80951648745405
"MMP9__neg"	2.22044604925031e-16	2.22044604925031e-16	0.567671598507364	0.886386866643168	1.34186770997795	10.8981975195919
"MRTO4__neg"	7.25960537926387	3.61256419667079	6.1199062299859	2.22044604925031e-16	1.54029259537226	2.22044604925031e-16
"NEK6__neg"	2.22044604925031e-16	1.81834958247795	0.426246509985693	4.42744668379579	3.15051283980298	5.95160215998668
"NSDHL__neg"	2.22044604925031e-16	0.809541319341158	1.98257359399855	3.54792111467021	1.07474474755839	7.38375280075141
"PLA2G7__neg"	0.670649231370463	2.22044604925031e-16	2.22044604925031e-16	2.22044604925031e-16	3.93809561394902	10.3723074324925
"PLXNA1__neg"	2.22044604925031e-16	0.448453902996176	2.22044604925031e-16	11.4186174049857	0.704072057501958	3.893951243116
"PPA1__neg"	5.14288172254881	2.22044604925031e-16	1.86110566738653	2.22044604925031e-16	3.01929021000732	6.86064155262131
"PPIB__neg"	4.35877081845548	5.45297837696579	1.03463034483897	2.22044604925031e-16	3.54112354836484	0.959069697247714
"PSMD7__neg"	2.22044604925031e-16	2.22044604925031e-16	5.49467892799056	5.35447615164031	2.09188498393524	4.06277466431015
"RAB7A__neg"	2.22044604925031e-16	2.31569529010395	2.22044604925031e-16	11.0421754012815	0.0534028780354749	2.22044604925031e-16
"RALA__neg"	2.90221199041012	3.34342852012524	2.22044604925031e-16	0.863814035960464	2.92514475649763	3.27472970380522
"RANBP1__neg"	1.89053563080692	0.972901973497396	4.6848787668631	2.19311889046572	4.89945237071503	1.99141667947749
"RASSF4__neg"	0.189018822927979	5.49393536801019	8.89667193863769	2.22044604925031e-16	0.676238793861003	0.965362249379929
"SCAMP2__neg"	1.94004129594928	0.866739263382569	2.06161698050792	4.11963447735065	5.67750263296103	2.33801874706867
"SDHAF3__neg"	2.22044604925031e-16	4.01338043336096e-12	5.16554074758783	5.23229384361342	2.22044604925031e-16	7.02745469234146
"SH3D21__neg"	0.481071087307441	0.161114233126968	2.22044604925031e-16	8.92592655808971	4.98153861376772	3.13886687753401
"SLC29A1__neg"	3.07438537714816	0.465715107490542	2.22044604925031e-16	0.449826314156647	4.80379273785623	6.99645864852394
"SLC31A2__neg"	2.68550463940558	2.22044604925031e-16	2.22044604925031e-16	1.4313416125795	6.50793827811081	6.52455518197596
"SNRPC__neg"	6.36762784534263	3.21820574038857	1.67143250701429	3.52417025522826	2.68844584952793	2.22044604925031e-16
"SRXN1__neg"	1.53254391975495	5.62741570348239e-10	2.22044604925031e-16	4.33860670651948	1.22297151974463	7.90269176548645
"STAT1__neg"	2.22044604925031e-16	8.1411589650875	5.97557603752689	0.248631940843216	0.72722489645954	2.22044604925031e-16
"SULT1C2__neg"	3.05990110654667	0.774584035925911	2.22044604925031e-16	1.59137483101866	9.82764571239302	3.32321702623612
"TAP1__neg"	6.2278336795919	4.70878573412423	5.45730672740723	0.44311999757029	2.22044604925031e-16	2.22044604925031e-16
"THOC5__neg"	2.22044604925031e-16	1.5463507525378	2.48966378795555	4.98029742149679	1.63229441507557	5.62215506134519
"TIGAR__neg"	2.09993758927446	0.573052870834726	0.911070431112201	2.09885361641515	1.26567603788257	8.41699544275097
"TRIM21__neg"	2.22044604925031e-16	1.64142188503589	4.16893029869049	4.46154475382376	2.10015720110472	3.73473547480802
"APOC1__neg"	0.464942970401585	3.72473049756626	5.62121558766496	2.45499883800141	5.33809561848559	2.22044604925031e-16
"BET1L__neg"	0.741868574394355	2.13412918679372	2.22044604925031e-16	2.00884221066582	7.62588044563291	4.14491677732761
"CAPG__neg"	0.491762959541534	2.22044604925031e-16	0.207175142834988	3.542416151662	5.14721021400181	7.4209047641266
"CCDC28A__neg"	5.53610826306158	7.7057311889829	2.22044604925031e-16	2.22044604925031e-16	4.59142615710562	2.22044604925031e-16
"CCDC42__neg"	2.22044604925031e-16	2.22044604925031e-16	4.32432720141078	3.25349304797921	2.34620697300314	6.1463397000815
"CES1__neg"	1.59034417294192e-12	0.368507038440969	2.22044604925031e-16	4.57134752851794	1.25167772007245	8.59289390948643
"CLEC4E__neg"	2.22044604925031e-16	0.0105492143492835	2.22044604925031e-16	1.40188409940086	2.9855424490333	10.3984606346941
"CSTB__neg"	2.22044604925031e-16	3.90908560135553	2.09339618125319	2.22044604925031e-16	6.11421671140503	2.54622700056233
"CYP2S1__neg"	0.206692010532434	2.22044604925031e-16	0.581103462461723	0.972088944883247	5.30424282866447	9.4459705391374
"DNAJC3__neg"	2.82070931153013	0.919130893267924	2.85953761075831	2.14944086410205	3.81423140427905	3.72298576394071
"EIF5A__neg"	7.82504825356278	5.77741273922445	2.22044604925031e-16	0.521266738059704	1.11490412712024	2.22044604925031e-16
"FAM213A__neg"	0.295098773354934	2.22044604925031e-16	2.22044604925031e-16	3.23386791435397	2.81938151695192	8.4478476894875
"FTL__neg"	0.554586509585063	7.57302831278334	4.03154168915449	2.84249018375951	0.296408085187062	3.1383711470852e-10
"GNAI2__neg"	2.7094813514119	7.36660671269101	2.22044604925031e-16	2.22044604925031e-16	2.22044604925031e-16	0.522752924307465
"HTRA4__neg"	2.22044604925031e-16	2.22044604925031e-16	2.22044604925031e-16	3.89510340041034	6.87090381927282	6.34379958690662
"LSM12__neg"	2.66920070895069	3.72565533140141	0.860327144728992	2.22044604925031e-16	1.04503806783697	5.9196428704651
"MITF__neg"	2.07926323544578	0.0913661090779034	2.22044604925031e-16	8.860969937344	2.41687968427128	3.74470267808555
"MRPL45__neg"	0.547786174790746	2.84975545434428	6.17158883053406e-16	3.14460723278498	1.17689519965753	6.60496630639337
"MYOF__neg"	2.22044604925031e-16	6.38067529312145	5.81638093873728	2.22044604925031e-16	1.98728537675266	1.53084174018297
"NR1H3__neg"	3.05970326285676	2.22044604925031e-16	2.22044604925031e-16	5.05786874211393	5.77869441862652	4.69586335096374
"NRM__neg"	4.29230266248282	4.61740886304098	3.46782095035066	2.19805317967683	2.22044604925031e-16	1.28709296600926
"PDCD1LG2__neg"	2.22044604925031e-16	7.05455957442873	6.52957301059581	3.31584591901825	0.327278678195296	2.22044604925031e-16
"PFN1__neg"	8.43960578813912	4.40824502592369	2.22044604925031e-16	1.00299760003842	2.22044604925031e-16	1.47118615398357
"PLAU__neg"	1.78749263747075	0.596987532542146	2.22044604925031e-16	2.56554449968711	6.64914443237539	5.31952237061241
"PPT1__neg"	4.08098668738358	0.732737340469771	2.01016106959185	2.22044604925031e-16	5.86252967943655	4.62321634706515
"PRPF4__neg"	9.3072024734778	3.72966231248985	1.1277212541029	1.26839460795705	2.22044604925031e-16	0.925331050205217
"PSMA4__neg"	2.43584229450545	0.00384887640425577	1.9380787249621	0.780053518782104	2.49232243239271	6.93582068213405
"RAC2__neg"	6.20787038607524	1.23833928963581	1.47954364825494	0.502532904011855	0.00155364710267621	4.61255246727153
"RPL12__neg"	2.22044604925031e-16	0.337191455621657	2.2855774557983	1.69311571082852	2.22044604925031e-16	9.35213880127432
"RPL38__neg"	1.68248193606248	0.0902583970180768	5.2158602117322	1.27224047466517	2.22044604925031e-16	6.81884749076472
"RPL41__neg"	10.6754579253356	3.21025883613903	2.22044604925031e-16	2.83261612840995	1.63330361484791	2.22044604925031e-16
"SIGLEC15__neg"	2.22044604925031e-16	1.36982470699584	2.22044604925031e-16	1.72933362979729	5.53054053731989	7.54213050314234
"STEAP3__neg"	2.97064181287803	2.22044604925031e-16	2.22044604925031e-16	3.49643232298476	2.36039577609675	7.44620393506461
"TFEC__neg"	2.57470538593507	2.97149724716938	5.4412744587045	2.44152818359326	3.18601151615819	0.550302356297966
"TFRC__neg"	6.82293859146522	1.23387067562238	2.22044604925031e-16	2.36604576451918	2.99582951307019	2.88046073768754
"TMSB4X__neg"	6.12823026511714	6.8134363540729	2.22044604925031e-16	0.633747426035289	3.6868843942634	2.22044604925031e-16
"TOMM6__neg"	2.15458971647254	1.76838057408003	4.35750347808625	2.22044604925031e-16	0.298424904772819	6.3237339794558
"TUBB__neg"	5.65790083326317	3.88152050620862	2.22044604925031e-16	8.11240554229341	0.252901794273983	2.22044604925031e-16
"VEGFB__neg"	2.37253162878004	1.43962993685553	6.23724989631991	2.48965981376318	4.09707199239859	1.18840763033635
"VIM__neg"	2.22044604925031e-16	5.2312650867207	1.55023910007751	0.656103312385116	6.94020222228506	1.29872725147644
"WARS__neg"	2.12713469479911	8.31363239555192	3.57615770391815	1.10802195380251	7.8477306793505e-15	2.22044604925031e-16
"ACO1__neg"	2.7777337957107	1.57567010127371e-11	2.22044604925031e-16	1.79221367810113	6.31382665525017	7.00715205074811
"ACTB__neg"	5.67458871792949	5.76898257041273	2.22044604925031e-16	5.83170661203229	2.22044604925031e-16	2.22044604925031e-16
"AL645922.1__neg"	2.22044604925031e-16	2.22044604925031e-16	7.8213606648147	0.803440922971176	1.48486398701573	6.30950310333463
"ANXA5__neg"	2.44738036309897	5.12701050895481	2.1049744483948	3.29526175107723	1.81118300424254	0.979574724204002
"APOC2__neg"	2.22044604925031e-16	2.22044604925031e-16	1.57075036528066	0.206522669437983	1.75345812021275	8.96761648870232
"APOE__neg"	2.22044604925031e-16	2.22044604925031e-16	3.99105446094342e-15	2.78775005677271	5.79209755025541	7.27335230544552
"ATP5B__neg"	2.18303694382923	4.94904342146796	1.07376430740898	8.48084134980926	2.22044604925031e-16	0.714038665565425
"ATP6V0C__neg"	1.56286775468793	2.22044604925031e-16	2.22044604925031e-16	3.33260777759702	8.60759582292255	4.29537821808857
"ATP6V1A__neg"	2.22044604925031e-16	5.27470394028046	2.6591948795775e-14	7.234200630668	0.272159951558645	2.46106480607981
"CALU__neg"	0.562416663653124	0.394012167996874	5.62397723494977	0.838001790232189	2.22044604925031e-16	7.89422949984314
"CD63__neg"	4.10261338854154	5.64023392135612	1.08762558479357	2.27967137355882	2.22044604925031e-16	1.81287392957279
"CD81__neg"	2.98310635135097	6.45459806289617	5.19325128913252	2.69779448957175	2.22044604925031e-16	2.22044604925031e-16
"CLIC1__neg"	3.55612975710702	6.43097931373116	0.211168246462229	1.61629517637707	1.46596563168536	1.37825465618478
"CPM__neg"	2.44258186275851	0.556651342935648	0.638625423300534	1.68710019555572	4.27937185642923	7.53597060112352
"CTSB__neg"	2.22044604925031e-16	8.47646042548798	4.71275582281489	1.74031694930131	0.195775550350805	2.22044604925031e-16
"CTSS__neg"	1.53608577341337	9.4871514012431	1.19175158315658	2.22044604925031e-16	2.22044604925031e-16	1.08601554923395
"CXCR3__neg"	1.34235672584849	1.43993706989318	2.22044604925031e-16	2.12642197674969	7.41364789188613	5.50971679680319
"EEF1E1__neg"	3.67589543172578e-05	2.24263061672615	1.62946928264523	2.22044604925031e-16	1.72603414283425	7.69409777645006
"ENO1__neg"	7.03886629616017	3.75709784258269	1.63126349213532	4.09642738088698	2.22044604925031e-16	0.611428163229678
"ENPP2__neg"	2.22044604925031e-16	2.22044604925031e-16	4.14475728787584	1.26628032644008	1.90184631469151	8.71921527145542
"GAPDH__neg"	6.73889199007577	6.3937729587922	2.22044604925031e-16	0.356035130549617	2.22044604925031e-16	1.24082940735488
"GPNMB__neg"	5.49756783862701	2.22044604925031e-16	2.22044604925031e-16	2.22044604925031e-16	4.47027132512394	7.10568892739881
"GPR137B__neg"	5.76249782577735	2.22044604925031e-16	2.22921889164917	2.22044604925031e-16	3.93767855862914	5.82535096879141
"GRINA__neg"	1.13082873324262	2.22044604925031e-16	2.95125514047388	1.42553134477422	11.1526324585428	1.67383503191461
"HAX1__neg"	8.4151793216865	3.53265981547043	1.32728584548734e-15	2.22044604925031e-16	3.50099827573211	2.05768894357126
"HEXB__neg"	2.22044604925031e-16	4.50662922574002	5.99263986559609	4.1319002849084	2.78514841106768	2.22044604925031e-16
"HLA.A__neg"	3.22874817982944	7.23449529177632	0.562708016928369	1.62301365561816	2.22044604925031e-16	1.33961187767422
"HLA.DQA2__neg"	2.45016237829277	1.69724135785568	1.52186982260251	0.447604374662311	3.23061140829068	6.22417584836774
"HMGN4__neg"	1.89263114020641	4.60177304449843	3.15805307101328	6.03641056672618	3.67622869787216	2.22044604925031e-16
"HSD17B14__neg"	0.433349214285173	0.434586427737211	2.22044604925031e-16	2.53600415398663	2.96553968805715	8.48669440036269
"IFI30__neg"	1.6266692777344	11.6242272079856	2.19774083802366	2.22044604925031e-16	2.22044604925031e-16	2.22044604925031e-16
"IFNGR2__neg"	0.83379650630726	7.57772505987261	4.01062992892901	4.58717595120526	0.889363409617411	2.22044604925031e-16
"IL2RB__neg"	4.39809436490229	4.24580432910528	7.01687390846325	1.88951751239767	2.22044604925031e-16	0.520910685559839
"IL32__neg"	3.53968434980345	3.6675863534151	1.57346582510165	4.12973170952517	3.60473967953677	2.22044604925031e-16
"LDHA__neg"	2.89544744748504	4.71496391232412	2.22044604925031e-16	2.64603767725138	6.07863260005264	2.22044604925031e-16
"LYZ__neg"	1.71997614315213	2.22044604925031e-16	2.22044604925031e-16	2.22044604925031e-16	6.89948203896831	8.33390896550579
"MMP14__neg"	0.334425118307584	2.22044604925031e-16	2.22044604925031e-16	5.22300305456641	5.69209410643474	5.91151419176567
"MREG__neg"	2.35604574210509	0.938064025171551	2.22044604925031e-16	2.07691269315267	0.469126869008626	8.403053819827
"MYL12B__neg"	1.19573298569361	3.71023719487973	2.22044604925031e-16	2.23124545622074e-16	6.01906312374076	4.50328456534908
"NME2__neg"	5.65012822514498	5.416320964255	1.18427171678958e-13	3.69677640603202	1.35446182452412	1.02025173318466
"NONO__neg"	6.82416866617519	1.92273748273851	4.94620491465655	1.79357801052394	2.98094957955119	2.22044604925031e-16
"NPL__neg"	2.75700156456475	7.48544064115722	2.97332857841546	0.045326370051635	1.37915536798275	0.02017631685112
"PPP1R10__neg"	3.17394473788741	2.99383377474827	2.34770240758446	0.396025296708513	2.26236495201503	3.69592729217548
"PRDX1__neg"	1.27575269768652	5.13479758487047	3.63716995041166	5.75671528585237	0.154717325694551	0.296200169511832
"PSMB5__neg"	0.523467734366466	1.79635776059703	4.86091049508433	4.06585524890704	4.74514847684876	1.21116963188623
"PTGDS__neg"	0.29128092417892	2.22044604925031e-16	0.288362008706694	1.83253037652037	1.6095258810668	10.6858132136964
"PTPMT1__neg"	2.04726408277084	2.22044604925031e-16	2.18420952737812	5.2395953915688	0.858870936437808	7.09943801825487
"RBPJ__neg"	7.89978958166375	1.76308058991309	0.154197303346912	2.69395757754885	2.15148103878471e-06	3.67065403166594
"SCPEP1__neg"	0.743023259659196	5.48195461680793	5.23545259000314	0.943293194985599	3.14606100578465	2.22044604925031e-16
"SEPHS2__neg"	3.01705170211305	1.7463129657914	4.16760277093143	2.77638017221186	3.19958102121457	1.72565020150618
"SLC29A3__neg"	0.694752490913524	2.22044604925031e-16	2.22044604925031e-16	2.97589122849965	4.797180731432	7.85677054796176
"SLC43A3__neg"	3.21470975851651	5.52111858373904	2.60923103664275	0.519940620735882	3.010163118592	0.398797705198731
"TMED10__neg"	5.23832000298088	4.31561178313718	2.22044604925031e-16	4.94423298397203	3.83358967191755	2.22044604925031e-16
"TNFAIP2__neg"	1.16166332660793	1.1607497577603	0.434887563794796	7.97994361113029	0.874010819313246	4.4479079239444
"TNFSF15__neg"	7.17707958614197	2.22044604925031e-16	2.22044604925031e-16	2.45293514534166	3.7703288315419	4.63616695854114
"UBD__neg"	5.4191163976544	7.76496573374932	2.55425740813043	2.22044604925031e-16	2.22044604925031e-16	0.442927803018556
"YWHAB__neg"	7.965184064806	5.84370665167907	1.1466320819921e-08	3.28107608042857	0.916053613067096	2.22044604925031e-16
