"IS01"	"IS02"	"IS03"	"IS04"	"IS05"	"IS06"
"ANXA2__pos"	3.90068273153025	2.22044604925031e-16	3.67763626691398	2.22044604925031e-16	12.749652114825	1.31370773027545
"C1QB__pos"	2.22044604925031e-16	2.22044604925031e-16	6.88678658417327	2.22044604925031e-16	13.5223235972002	2.34508739337297
"CASP1__pos"	4.00971670238772	2.22044604925031e-16	4.76298032869789e-09	2.63617220863648	11.5551790011518	3.71402381571572
"CD200R1__pos"	0.636473322394344	2.24017501835684	2.22044604925031e-16	6.61858241556191	9.09740948852478	4.35483077490356
"CD68__pos"	3.12619032326636	2.22044604925031e-16	1.87225337941758	2.22044604925031e-16	12.2695717650148	6.77027920186064
"CFL1__pos"	3.68091945255947	2.38605590273667	9.79992691795063	2.22044604925031e-16	4.88050944513423	4.57874349874473
"CLIC2__pos"	0.822019490566645	2.22044604925031e-16	3.85005711484844	7.72925889332017	9.04362724299714	2.99775473824559
"CNTLN__pos"	5.38282210568482	2.22044604925031e-16	2.22044604925031e-16	9.70461077274863	9.16794100419583	2.22044604925031e-16
"COL15A1__pos"	0.844149216117098	2.22044604925031e-16	7.94984264652881	7.95312057041116	9.03313200462131	2.22044604925031e-16
"CTSC__pos"	2.22044604925031e-16	2.22044604925031e-16	2.22044604925031e-16	2.49816954234805	12.9353391505451	8.01580839434726
"CTSH__pos"	0.681937594451161	2.22044604925031e-16	8.22825858011209	2.22044604925031e-16	12.8498717545478	2.85864258543483e-09
"CXCL11__pos"	2.22044604925031e-16	2.22044604925031e-16	1.11878250832233	4.92950112916252	11.9637813497348	5.18764734774869
"DCTN2__pos"	4.90159425197436	2.22044604925031e-16	10.3176615631653	3.25679534005143	9.30918958503404	2.22044604925031e-16
"DNASE2__pos"	2.22044604925031e-16	0.88504469987492	3.32486158357328	2.22044604925031e-16	13.5356001996996	2.04181325709989
"DPYSL2__pos"	4.48306325556094	6.29230567270029e-07	2.75603730380937	10.4695455492394	8.84647392758181	2.22044604925031e-16
"FAM26F__pos"	2.46612739357956	1.29759892170782	0.895088850444826	0.345563980911216	13.8036121130962	5.04206141680378
"FCGR3A__pos"	4.29779405310859	2.22044604925031e-16	0.581685029469157	2.36681871746906	14.6097729941237	1.18565957864835
"FNDC3B__pos"	3.62679348105607	2.22044604925031e-16	0.0376237585731095	14.0320572137301	7.48873560703815	1.53049867861595
"FPR3__pos"	0.904919238697523	1.93207462611581e-07	1.0384406214031	4.14173653256599	13.0375469636278	3.64185385849487
"HLA.B__pos"	2.22044604925031e-16	2.22044604925031e-16	2.97446504040177	0.294279522247717	7.66051909437528	5.63987627654518
"HNMT__pos"	2.3643197422776	0.394026923264431	7.18994963194026	2.22044604925031e-16	10.5772216321239	3.21391070947821
"IFIT1__pos"	2.1859656822726	0.0763400051653872	6.97642195830148	5.96134746282869	9.4709701750905	1.19086153341467
"IGSF6__pos"	0.0448695099678448	3.18964656545037	0.933795512910976	2.22044604925031e-16	15.1178533397101	0.530283831027121
"IL13RA1__pos"	2.22044604925031e-16	2.22044604925031e-16	2.36400874680204	4.33587736908025	11.7008947791533	5.77546008290953
"IQGAP1__pos"	2.22044604925031e-16	2.22044604925031e-16	2.22044604925031e-16	12.2595761521802	8.35157076681528	5.69826380726477
"IRAK3__pos"	4.57296065670444	2.22044604925031e-16	2.22044604925031e-16	10.542967378531	9.35212355065857	2.22044604925031e-16
"LILRB2__pos"	1.98620661486711	2.22044604925031e-16	0.993119136065637	2.98603545451981	15.7161564554267	1.02945859993332
"MAFB__pos"	2.22044604925031e-16	0.297120993588994	2.22044604925031e-16	3.73865186978473	15.7974109704797	1.58287729834271e-15
"MNDA__pos"	7.66929062830291	2.22044604925031e-16	0.0903872468727259	4.25934091156397	11.0770763826381	1.77678903636316
"MS4A6A__pos"	2.70686602728564	2.79077292185824e-16	0.86943291178213	8.45153465953051	9.81055554473891	1.30277181025713
"NR3C1__pos"	0.357657921133973	2.44342913718158	2.06839756500088	6.89403122797977	9.66073325566856	0.96618445531405
"PITPNA__pos"	9.16087360842925e-09	0.767492330014698	9.24136432350076	3.30624262348031	11.1465107524971	2.22044604925031e-16
"PLEKHO2__pos"	3.42365144387008e-05	1.08753781148341	1.64378328761102	2.16944746729611	15.5018195199179	2.22044604925031e-16
"RAB39A__pos"	2.19980992312286	2.22044604925031e-16	0.72852212343561	8.85204408684453	11.7526670108866	0.480585997781038
"RHOQ__pos"	0.618285084546173	2.22044604925031e-16	2.22044604925031e-16	15.5964806897624	7.19652721273415	2.22044604925031e-16
"RNF130__pos"	2.0943720179244	1.27617436358521	4.57468584390262e-07	2.15311808337149	15.7536185404515	0.784051825894149
"S100A11__pos"	3.35596530830984	2.22044604925031e-16	2.22044604925031e-16	2.22044604925031e-16	10.5997683591269	12.6432729327758
"SIRPA__pos"	2.22044604925031e-16	2.22044604925031e-16	1.17150977823104	2.22044604925031e-16	15.8284176967414	2.94979082413581
"SLAMF7__pos"	2.22044604925031e-16	2.32324532713078	0.950205696925838	2.22044604925031e-16	14.1064951421854	1.97237869480758
"SRP14__pos"	2.11281093440989	0.756681012194468	6.27258551890517	3.30085999697839	5.88633926945126	6.55346583769808
"TMEM176A__pos"	2.22044604925031e-16	2.22044604925031e-16	2.65362593091476	2.22044604925031e-16	14.8012303243873	3.42484671051601
"TMEM37__pos"	2.22044604925031e-16	2.22044604925031e-16	2.38276479327494	4.39802669750394	11.8145691996119	4.88766591569258
"TMEM86A__pos"	1.62965277687972	0.756608230275839	0.478231096705164	6.01164877434136	13.1261171365023	2.22044604925031e-16
"TYROBP__pos"	3.43881749409119	2.22044604925031e-16	0.465564484832139	2.22044604925031e-16	13.5199833718655	5.07197378025101
"UBE2L6__pos"	2.08526330918685	2.22044604925031e-16	2.22044604925031e-16	0.468019057768501	10.9649986259743	9.09019969826892
"YWHAE__pos"	6.45895466063327	2.22044604925031e-16	8.87917670985748	4.61718382585341	5.88196334019201	2.22044604925031e-16
"ABCA1__pos"	0.0200471597911535	0.516171854173831	2.43743652779236	7.12627152195722	12.73825157949	2.22044604925031e-16
"ADAM9__pos"	4.68673771367413	2.22044604925031e-16	1.69738452394807	9.79573695186239	10.1620879530219	2.22044604925031e-16
"ANXA1__pos"	3.88847404234217	2.22044604925031e-16	2.22044604925031e-16	8.00929210994064	10.8442924400409	2.02833821324448
"ATOX1__pos"	1.07668889304389	1.77926696256241	5.33292616642499	0.654919821042222	8.82030553760766	2.75393874242712
"ATP6V1B2__pos"	1.36999835713053	2.22044604925031e-16	1.03453794295894	6.15911707452976	13.7674929470485	2.22044604925031e-16
"B2M__pos"	2.22044604925031e-16	2.22044604925031e-16	2.22044604925031e-16	8.1374227833134	8.57060144014882	11.7295144924524
"C2__pos"	2.6953717669688	2.22044604925031e-16	4.34314049548005	2.22044604925031e-16	13.1591060354039	0.997199977426341
"CD163__pos"	3.2434221329337	2.22044604925031e-16	6.42850338309675	1.83941016089281	12.4431567721517	2.22044604925031e-16
"CD300A__pos"	4.72010201502901	0.617122988212132	3.13637199520348	4.738032365787	10.5061398597742	2.22044604925031e-16
"CD59__pos"	2.22044604925031e-16	1.18652512039521	2.22044604925031e-16	6.1289033190923	10.55200892606	5.48370832268661
"CEBPB__pos"	4.94928405916101	2.22044604925031e-16	0.991217968712684	2.75089997440282	14.4105507579263	2.22044604925031e-16
"CHMP2B__pos"	1.03478379051089	1.22206608631634	2.54994773931781	7.93866187871576	6.65861417073626	3.16267658807624
"CLEC10A__pos"	2.22044604925031e-16	2.22044604925031e-16	5.6279587912225	5.94545679941443	9.3386449096731	2.22044604925031e-16
"CLTA__pos"	1.26780198530216	0.564963985102905	12.4602644582121	1.16916078716131	7.36801223666562	6.02654473260962e-13
"CREG1__pos"	0.867651194911808	2.22044604925031e-16	2.22044604925031e-16	1.30725070978666	12.8715036221925	6.53092209384961
"CTNNA1__pos"	0.722544669751169	0.156364646803558	0.973544430333091	6.3496950188086	12.3782841712417	2.22044604925031e-16
"CXCL9__pos"	2.22044604925031e-16	2.22044604925031e-16	2.22044604925031e-16	2.22044604925031e-16	12.6100856091883	10.0371187439485
"CYFIP1__pos"	6.25274933253552	2.22044604925031e-16	2.22044604925031e-16	4.79034323756008	12.5343866857943	2.22044604925031e-16
"DHRS7__pos"	2.55902207996967	2.22044604925031e-16	11.5253294260012	1.89782105421836	7.85701527612969	4.65799153532926
"DMXL2__pos"	1.67694309849002	2.22044604925031e-16	2.22044604925031e-16	8.82489816505205	11.8584578400682	2.22044604925031e-16
"EFEMP1__pos"	1.13686732046888	0.392013483638791	4.30174232121132	6.33964351500589	9.28519991893782	3.16212882366777
"ERLIN1__pos"	1.30247145158126	1.11826641977665	13.3017020984123	2.62284431844447	8.19818471196644	9.8069668043009e-14
"FCGR1A__pos"	2.81306943954919	2.22044604925031e-16	2.10817190240543	1.93029326991817	13.215372450897	3.46749714497663
"FGL2__pos"	2.22044604925031e-16	2.22044604925031e-16	5.55708883460051	6.3177811864858	11.187312015929	2.22044604925031e-16
"FTH1__pos"	1.74487532373761	2.22044604925031e-16	2.22044604925031e-16	2.22044604925031e-16	13.4986724240138	7.93298558908933
"GBP3__pos"	2.24393972599093	1.26630033102493	10.0681525006773	2.22044604925031e-16	10.9779080150997	2.22044604925031e-16
"GOLIM4__pos"	0.24704803890045	2.22044604925031e-16	10.2276172758704	4.72477760436181	8.35623961116556	2.22044604925031e-16
"HCK__pos"	6.47345346543023	2.22044604925031e-16	0.486479797362143	2.22044604925031e-16	16.025383686189	2.22044604925031e-16
"HLA.DPA1__pos"	2.22044604925031e-16	2.22044604925031e-16	1.52029482549678	2.09192685329606	10.0753215094671	11.6352880105852
"IDH1__pos"	0.585295514554854	1.57592200679109	2.22044604925031e-16	8.00095788867313	11.7350696127245	2.22044604925031e-16
"IL18__pos"	2.22044604925031e-16	0.108387266966392	2.22044604925031e-16	8.82201304503404	12.7841318383447	2.22044604925031e-16
"ITGB2__pos"	2.73897930805467	6.07403574118264	0.761434842006853	12.2783584507123	0.86085939282707	4.31510645945956
"LACTB__pos"	2.22044604925031e-16	2.22044604925031e-16	3.02395605426926	0.433159820972354	11.961694793723	7.01932001825112
"LCP1__pos"	0.81999469609188	2.22044604925031e-16	10.2162756137914	2.22044604925031e-16	9.68803899674072	5.55193652618869
"LPCAT2__pos"	2.24338800953844	2.22044604925031e-16	0.499409963403337	7.33663075304629	11.0206902179977	3.34231004755724
"ME1__pos"	4.93643096530497	0.421452131919353	2.22044604925031e-16	3.79268217753783	13.2576069623609	0.307777569478906
"MRAS__pos"	2.02621140069376	1.07120000876871	4.33892491853817	2.70750675715469	11.9427267757914	1.51573347717231
"MYD88__pos"	0.618889103953354	8.27160901383313	5.38858682026793	8.36434414162377	1.17108499673936	1.42819411385204
"NEU1__pos"	3.86527004148329	2.22044604925031e-16	2.62549064653728	3.0187225041385	12.6558945311073	2.22044604925031e-16
"NPC2__pos"	0.709523617778022	2.22044604925031e-16	4.15076385575995	2.22044604925031e-16	11.3969193958029	7.91851150298541
"OSBPL1A__pos"	3.78972945454996	1.52243388890022e-05	7.31264565540773	3.21245654121192	10.4465183533791	2.22044604925031e-16
"PDIA6__pos"	2.22044604925031e-16	2.22044604925031e-16	2.03534946093701	5.3814917037602	10.3659290354855	6.92528063977524
"PSAP__pos"	2.36854223160929	2.22044604925031e-16	0.336912869741354	2.51986482951624e-09	15.0844663025524	1.70834701497113
"PSME2__pos"	2.54927713091147	2.22044604925031e-16	3.00403336951546	1.97674146140977	11.1030025619055	4.10364856008194
"PUM3__pos"	0.000752427589617902	6.40300185761272	4.96740808632	4.40121546084766	5.87310699003644	0.384194699627877
"QKI__pos"	3.52050506534151	2.22044604925031e-16	2.85858899870313	10.6210571309527	7.09426879643876	2.22044604925031e-16
"SAT1__pos"	0.770095581280988	2.22044604925031e-16	1.70916189995379	5.27717374660904	15.2962564089998	0.524829004453694
"SIGLEC7__pos"	2.22333900152006	2.22044604925031e-16	6.94453402555784	1.37225577102609	11.0655322584804	2.825862991164
"SLAMF8__pos"	1.0864415924057	0.831905484092361	2.22044604925031e-16	2.22044604925031e-16	13.4846782501456	2.30880543898542
"SLC15A3__pos"	2.47640225629773	2.22044604925031e-16	1.80155768173464	2.71246836271332	12.2985667983857	3.20227936837815
"SLC30A1__pos"	3.74860944630587	3.59836602404381e-16	1.98210326880742e-05	10.3626804319815	9.16005419601787	0.620249803123392
"SNX10__pos"	1.01234252343247	0.709262681515752	2.22044604925031e-16	8.41557544821871	12.545526077244	2.29471697277098
"SPI1__pos"	4.98325269488026	2.22044604925031e-16	3.26765861687168	6.78262671107091	11.1468101292177	2.22044604925031e-16
"TIFAB__pos"	2.22044604925031e-16	0.846248951230689	0.995230676938713	6.41177606453481	14.1041036522567	0.179311490582889
"TMEM176B__pos"	2.22044604925031e-16	2.22044604925031e-16	3.1652418128538	2.22044604925031e-16	13.3016664900111	4.84964607978765
"UNC5C__pos"	0.0287364164365417	4.11662561342916	1.72798355316515	5.00222566367002	10.4502777677278	1.35385097636392
"ACSL1__pos"	2.80556599156832	2.32355334558057	2.22044604925031e-16	4.38644516901265	13.9451375764237	0.496591544876514
"ALDH1A1__pos"	0.065034008968948	2.22044604925031e-16	1.56794480403122	0.234318580473109	14.6861747289661	4.1412359570078
"ANKRD22__pos"	2.22044604925031e-16	0.12666327893912	1.10537941276881	1.00287506651191	14.7729826405505	4.2740230326863
"APOL1__pos"	1.39878905682551	3.4146370853399	2.33931547439016	2.22044604925031e-16	14.045407337519	2.22044604925031e-16
"APOL6__pos"	0.409055047260439	0.150524345954047	2.22044604925031e-16	8.53694589472216	11.5503306404188	1.38269680626454
"BCL2A1__pos"	1.3129681576123	0.404037105323056	2.82620390067343	0.0280397703431808	12.0937154296807	8.12428997941844
"BRI3__pos"	1.25125085482955	0.093374816346192	2.22044604925031e-16	2.58467277538757	13.7599907519641	2.23323171220114
"C1QC__pos"	2.22044604925031e-16	2.22044604925031e-16	5.43270920512072	2.22044604925031e-16	13.9883763450529	2.53788718196551
"C3AR1__pos"	1.3147871257242	2.22044604925031e-16	1.13797317622085	2.14971465281165	14.870671797607	3.20945309885619
"CALCOCO2__pos"	3.45214063322266	1.44242838179596	3.43016221372931	4.13234473691996	9.83008880727636	2.22044604925031e-16
"CHCHD2__pos"	6.55319816260308	2.22044604925031e-16	8.5358052028294	2.68716217800542	6.2648219117149	4.33194857147505
"CTSL__pos"	0.212770374059714	2.22044604925031e-16	6.75345395926143	2.22044604925031e-16	12.3974871404909	0.459114923600421
"CTSZ__pos"	2.22044604925031e-16	2.22044604925031e-16	5.6544473363298	2.22044604925031e-16	14.1966334447568	1.71453569966409
"CYBB__pos"	1.84891221005893	4.41373264155804e-06	2.22044604925031e-16	8.97748400720424	8.63930306992596	2.74515585883094
"DBI__pos"	2.75486478346516e-12	2.22044604925031e-16	10.5947364691668	2.22044604925031e-16	7.91298720750107	4.71097794373715
"DOCK4__pos"	2.00767154360769	2.22044604925031e-16	2.22044604925031e-16	6.7258477201124	13.9786278188504	0.406277381548439
"EFHD2__pos"	0.422663516270664	1.24202895536469	8.55527782892674	2.22044604925031e-16	13.3313134227893	2.22044604925031e-16
"FCER1G__pos"	4.09827139346319	2.22044604925031e-16	2.22044604925031e-16	2.22044604925031e-16	13.0106648356827	6.45902766228686
"FCGRT__pos"	1.69543411567435	1.43489890199149	2.46271722409292	4.45990461865904	13.0828170865077	2.22044604925031e-16
"FKBP15__pos"	1.20956733430257	3.56371507303028	0.0679994296873449	6.66411977378991	8.79588858973752	1.97131411234433
"FMNL2__pos"	3.3467646017428	6.52120151686754e-16	0.11104093521309	4.03780576654452	14.6877722851887	1.06384260868672
"GATM__pos"	1.4165840290119	2.22044604925031e-16	9.0164612414458	8.02954578218486	7.55264685045486	0.831626804396247
"GCH1__pos"	4.05065559096346	2.22044604925031e-16	2.22044604925031e-16	11.3550700820097	8.18496147789293	0.910595446339318
"GNS__pos"	1.61687014142358	2.22044604925031e-16	0.0121735880036415	1.87224941285558	14.6709617767973	1.95091082325507
"IFIT2__pos"	2.49938806707767	0.749120407659986	2.39575262296352	8.17097377703087	10.785946685523	1.83461749078084
"IL18BP__pos"	3.46891165978576e-16	4.58144042301617	2.79380038563746	0.238456836116478	11.2698834544856	3.36829096676398
"ITPRIPL2__pos"	0.410952579260319	4.74593337587813e-12	0.000288282604746648	10.3237543311327	11.9947279519428	0.54049196840277
"KCNJ10__pos"	2.22044604925031e-16	2.22090141225095	0.120877182708036	6.18121711033001	12.5067117305254	1.09919215031268
"KCNMA1__pos"	4.80727021663238	1.49194659887323e-08	0.316568866023159	3.77149630579446	13.4200021489039	2.22044604925031e-16
"LAMP1__pos"	2.22044604925031e-16	2.22044604925031e-16	2.22044604925031e-16	5.95042206015502	9.56917163261631	6.57960084649085
"LGMN__pos"	0.399664921839886	2.22044604925031e-16	2.11300237865166	4.58357678058964	13.2331889870993	2.71817147478087
"LILRB4__pos"	0.998080366184033	2.22044604925031e-16	4.80678214394867	2.22044604925031e-16	14.4193501016326	1.38289878849041
"LIPA__pos"	8.0579368990299	2.22044604925031e-16	2.22044604925031e-16	1.86519151527032	9.99753569219525	7.27857655577147
"MCOLN2__pos"	0.0571428885697832	0.247646633838812	3.11253209713523	6.87647208700674	12.6411323481945	2.22044604925031e-16
"MRC1__pos"	0.744948339887297	2.22044604925031e-16	3.51099607493084	6.35777713333436	11.5942736167915	1.73394895643635
"MS4A4A__pos"	1.59867676712047	0.506280902022851	4.08777542294832	7.0384365346501	9.77928161015959	0.586367921612716
"MS4A7__pos"	3.45998944767698	2.22044604925031e-16	2.22044604925031e-16	15.1333502841162	8.18234490004555	2.22044604925031e-16
"NAGA__pos"	4.25540784912753	2.22044604925031e-16	2.22044604925031e-16	5.76226010731002	11.0910304171768	3.61106487134574
"NMI__pos"	2.22044604925031e-16	2.00413727394657	2.22044604925031e-16	4.64245238742505	10.3496481061367	4.810523884183
"PARP9__pos"	2.22044604925031e-16	0.644073563283018	2.22044604925031e-16	10.6216789671863	10.1721072332743	1.61924152418803
"PCBP1__pos"	0.0318784626716824	5.26060585204676	8.00541932045981	5.91093453710035	2.34402980995947	2.33228737903629
"PPA1__pos"	1.64888317052128	2.22044604925031e-16	1.55375559128187	0.499309824964601	10.4046837443539	11.1145358835821
"PSTPIP2__pos"	6.73993472285037	2.22044604925031e-16	1.79291654716424	4.09861607278124	11.5584455419302	2.22044604925031e-16
"RAB7A__pos"	2.22044604925031e-16	2.22044604925031e-16	2.22044604925031e-16	1.42666044790376	6.80328308507783	18.0139436391306
"RASSF4__pos"	0.745549409439377	1.83639072298328	0.308869774215263	3.64050636754045	14.7529415369954	2.22044604925031e-16
"RBM47__pos"	0.205624723926143	1.51841009959735	1.49126602314934	5.85619882583312	14.0153243152573	2.22044604925031e-16
"RGL1__pos"	2.22044604925031e-16	2.22044604925031e-16	0.0183553110698057	5.02292335145612	14.3407722170747	2.22044604925031e-16
"RNF135__pos"	3.61990809813239	2.22044604925031e-16	7.67197846782434	3.65611717624543	9.67334600189674	2.22044604925031e-16
"SAMHD1__pos"	0.889955773837598	7.70892450491693e-15	1.69365269793989	6.45661519299359	11.8301256327636	0.935391884862708
"SCARB2__pos"	2.22044604925031e-16	1.26047400689875	2.22044604925031e-16	10.6537547833472	12.7888552543786	2.22044604925031e-16
"SLC8A1__pos"	0.633141651926106	0.00413895701190898	1.45372407688882	4.4517713704181	15.3781712431247	2.22044604925031e-16
"SPRED1__pos"	2.22044604925031e-16	2.67747391687332	1.63371281163466	4.3759716595148	13.1231093131662	2.22044604925031e-16
"STAT1__pos"	2.22044604925031e-16	0.58331265585065	2.22044604925031e-16	1.13027446883234	13.8818432896518	3.91930443661977
"TCF7L2__pos"	3.85583264551323	2.22044604925031e-16	2.22044604925031e-16	14.0698193421034	8.78705020200464	2.22044604925031e-16
"TDO2__pos"	3.44228870375037e-15	2.22044604925031e-16	2.22044604925031e-16	8.72754825636877	12.5622960375753	1.73435041433861
"TLR2__pos"	0.48485655494017	2.22044604925031e-16	2.22044604925031e-16	11.5270770230216	11.6927448824834	2.22044604925031e-16
"TNFSF10__pos"	1.8442549492921	2.22044604925031e-16	2.22044604925031e-16	6.92281412308441	13.9924222186397	9.79397167906704e-16
"TNFSF13B__pos"	5.62747091235155	2.22044604925031e-16	1.8653221970031	6.43271546072182	10.9789159888464	2.22044604925031e-16
"UBB__pos"	2.73374817590328	2.22044604925031e-16	17.3556706262821	2.22044604925031e-16	7.1049671081823	2.22044604925031e-16
"UPP1__pos"	4.72938286179135	0.923051416397813	3.29444746393745	6.27290382017231	9.87154385391358	2.22044604925031e-16
"VCAM1__pos"	2.22044604925031e-16	2.22044604925031e-16	7.55303619086628	5.4994209028705	8.86379875212841	3.4310500298336
"YBX1__pos"	0.133608992030992	0.413009497594997	7.23163729820248	0.866193621928139	7.84589073592956	2.22044604925031e-16
"YPEL5__pos"	7.68134317647043	2.22044604925031e-16	1.56037912883147	6.09344179892857	3.84984544534237	11.1049378788176
"ACTR2__pos"	2.22044604925031e-16	7.79185773580075	4.55706550047858	2.88049892895374	6.89819024326501	1.0010060429605
"ADAP2__pos"	5.37922621830715	2.22044604925031e-16	2.48212622334719	4.83077925430823	11.1601417311769	1.1614814139385
"ADGRE2__pos"	2.66621909059278	2.22044604925031e-16	1.70725343538169	3.13455245051022	14.2209247512351	2.22044604925031e-16
"AGTRAP__pos"	2.80180840926843	2.44234026864563	3.44634559510084	3.20922618733874	10.7781981611046	0.892233413756912
"ALDH2__pos"	3.41227875435386	2.22044604925031e-16	5.92353018580132	0.706083188399885	13.0302814005202	2.22044604925031e-16
"APOC1__pos"	2.22044604925031e-16	2.22044604925031e-16	3.32498947632834	2.22044604925031e-16	9.34071129281013	4.18126967212725
"ASAH1__pos"	2.22044604925031e-16	6.88298054335591	11.338831207237	4.74738993323478	1.33884528620765	0.0870540506109537
"CCL18__pos"	2.22044604925031e-16	2.22044604925031e-16	0.173647428033721	2.95998088756337	11.0847726435156	10.1195654587904
"CCP110__pos"	2.18232880918097	3.61516671502296	1.71852991823657	7.54584578931673	7.01990499064408	1.14205644039954
"CD14__pos"	1.45543654049724	2.22044604925031e-16	4.39239785265973	0.50070751897214	15.2533557201288	2.22044604925031e-16
"CD86__pos"	2.22044604925031e-16	0.211579871364295	1.73718499811185	5.09685527785619	11.6372822880584	2.23211634189965
"CFB__pos"	0.438711978613403	1.38801787997732	4.96688716994231	1.75006406610294	12.8544018837496	2.22044604925031e-16
"CFH__pos"	1.14269017828695e-09	2.14944628810687e-15	3.10535938649324	10.3917134116147	11.0444563513195	7.86260701201678e-13
"CHP1__pos"	3.75375134762215	0.199502959572692	1.47240734270983	3.85634348136934	11.3917645481382	5.28537039725416
"CLEC12A__pos"	5.63628153697108	2.22044604925031e-16	2.22044604925031e-16	6.30926134188919	12.0016388703076	2.22044604925031e-16
"CMTM6__pos"	7.40184467429145	3.88266285096034e-14	2.22044604925031e-16	6.09333853700893	6.13284454318083	7.27377333582654
"COL6A1__pos"	4.53303970862331	0.00810784246070291	8.83671959440601	2.01288349410541	10.4404078945321	2.22044604925031e-16
"CPVL__pos"	2.22044604925031e-16	1.06851398050936e-05	2.58334249403651	2.92348478991603	13.6806360404076	2.52074181346306
"CSF1R__pos"	2.59856492337907	2.22044604925031e-16	4.7033338639438	1.63965117383401	12.4389033118202	1.21255161105014
"CWC15__pos"	5.81689121869168	2.22044604925031e-16	4.98824827327726	3.03833179849279	4.57778199250583	9.52435850082811
"DNAJA1__pos"	2.22044604925031e-16	2.72271556260719	8.89757335243842	2.22044604925031e-16	10.4965325644585	0.551204008281493
"DOCK5__pos"	6.51503890204955	0.0014383668459281	5.79150724771164	2.61770887425799	10.4662845433622	2.22044604925031e-16
"DSE__pos"	6.92191734022244	2.22044604925031e-16	2.22044604925031e-16	10.4832470938706	7.1427277643865	2.22044604925031e-16
"DSTN__pos"	4.02899655137596	0.43729667503075	14.7697081884788	2.63615315361965	6.40834358435826	2.22044604925031e-16
"FAM129A__pos"	2.93085901682585	2.79775396254122e-13	4.27365604154286	5.91637858504903	10.2849804686896	2.22044604925031e-16
"FAM198B__pos"	2.22044604925031e-16	1.34548550332649	2.22044604925031e-16	12.8125692766583	10.3745495941732	2.22044604925031e-16
"FCN1__pos"	7.47681594410237	2.22044604925031e-16	4.46832262396277	3.53736777099508	10.4991334584068	2.22044604925031e-16
"FTL__pos"	3.31389946196961	2.22044604925031e-16	0.29864301134278	2.22044604925031e-16	14.1402721973078	6.61818673071657
"GADD45B__pos"	1.91452143082756	0.415530544098113	4.62117155903523	2.98674542222059	8.22763986050339	0.3249177612356
"GBP5__pos"	2.09257475594319e-13	1.60894327635032	0.43248328801134	0.995250332002789	14.5698706915895	3.05319852558143
"GLUL__pos"	7.29618827905272	2.22044604925031e-16	1.03601870383296	2.22044604925031e-16	13.1501218183705	1.64399727464158
"GNAI2__pos"	1.70242092156964	0.524662114201654	8.71934068904912	2.22044604925031e-16	11.1174371962575	0.740754599960274
"H2AFY__pos"	3.19247065727326	4.74483523238772	0.0420743371546716	4.50097028257753	11.4651364456186	2.22044604925031e-16
"HAVCR2__pos"	0.671614821170549	4.94744675473537	1.43512106177457	0.662011804080069	12.4755022136182	0.781564716553923
"HLA.DRB1__pos"	2.22044604925031e-16	2.22044604925031e-16	6.05333712129475	3.21343489912793	9.33076176228522	4.9910012961641
"IFIT3__pos"	4.38360782529759	0.909300089385857	0.754839625849272	1.54051292446051	13.0333901706514	3.47016371380673
"LGALS3__pos"	2.70210854417212	0.769858400046914	0.181459527283538	6.84633793521931e-12	13.2177007802794	6.51438020526934
"MAPRE1__pos"	1.94062230617626	9.49169749405478	10.3140370401669	2.22044604925031e-16	3.04227580387321	2.22044604925031e-16
"MITF__pos"	2.31646278426305	2.22044604925031e-16	6.31123437148375	1.20122040183092	11.8111068652955	2.22044604925031e-16
"MPEG1__pos"	2.22044604925031e-16	2.22044604925031e-16	1.13686000807458	9.98506365168926	10.2424707805958	3.90855685524556
"MYOF__pos"	2.71526119028446	2.22044604925031e-16	0.0234140008349078	2.91805993260877	16.2093872629869	2.22044604925031e-16
"NAGK__pos"	1.34080474091277	2.03478179072912	1.26676752613392	8.3005087304946	10.0118837589367	2.22044604925031e-16
"NCF2__pos"	10.5455169228604	6.4734704268256e-10	2.16591534486543	3.05918665675284	10.3952758111704	2.22044604925031e-16
"NINJ1__pos"	2.22044604925031e-16	2.22044604925031e-16	4.68367915672551	2.22044604925031e-16	12.9142234367271	4.07160145775864
"NKG7__pos"	3.80267157857873	2.22044604925031e-16	1.30815318644961	2.22044604925031e-16	12.4731096629961	6.32431184428769
"OLFML2B__pos"	2.22044604925031e-16	0.271855794478193	7.86777149072032	2.76729351883431	12.222109854598	0.312322848938323
"PDCD1LG2__pos"	1.08165766504535	2.22044604925031e-16	0.476705913043164	2.54667244002099	10.2065991443868	5.37197676912126
"PDIA3__pos"	2.76974600513271	2.22044604925031e-16	2.38651696109113	2.27913809371249	7.68283574611564	7.46104094949342
"PLEK__pos"	1.29690045074058	1.84414557066986	3.09460568011593	2.22044604925031e-16	14.9752022164713	2.22044604925031e-16
"PLTP__pos"	2.22044604925031e-16	2.22044604925031e-16	5.02134843219453	3.14158511462476	13.3140684848883	1.36821184574977
"PRCP__pos"	3.29419144672958	2.22044604925031e-16	2.22044604925031e-16	13.6562510260615	5.35853969344972	2.3174213972576
"PRKACA__pos"	5.26472058141366	2.22044604925031e-16	2.22044604925031e-16	3.28429306878002	11.4807809436492	4.87046745534673
"PRNP__pos"	2.22044604925031e-16	2.22044604925031e-16	2.22044604925031e-16	8.32725242102754	9.04526246115188	8.8803111139225
"PRR13__pos"	2.22044604925031e-16	0.769436841193516	1.10831646516455	5.42300401267712	8.97838184413314	4.51855748308186
"PSMB4__pos"	4.13157970108961	1.57265442310272	2.84863820381432	1.35698610307391	11.2758784328993	3.95763348681206
"PTAFR__pos"	1.01856976394836	2.0700343877146	0.942387045299629	1.27364054818474	13.3847396791003	2.81813671462866
"PXDC1__pos"	1.816932925345e-15	0.160650736120639	2.20066559696456	3.25679656168229	14.1230610361967	0.853316256744651
"RALB__pos"	0.847925528175982	2.22044604925031e-16	1.14123181462482	3.56839170207017	8.13740355559659	4.81318287980181
"RAP2B__pos"	4.98142429582538	7.13069342209913e-10	2.22044604925031e-16	9.81905925436134	10.055992031633	2.22044604925031e-16
"RHOU__pos"	1.20245751147392	2.22044604925031e-16	0.573224046417963	9.88903229739203	10.7093181661001	1.05743683681043
"RNF144B__pos"	2.22044604925031e-16	0.624976588474279	4.59669630767731e-06	9.10215889146554	12.632110227295	1.90555358914461
"SERPINA1__pos"	1.71155822467418	2.22044604925031e-16	2.24522627065509	2.22044604925031e-16	14.9882742217649	3.32435859658487
"SERPING1__pos"	2.22044604925031e-16	2.22044604925031e-16	4.56248468888272	2.22044604925031e-16	12.655563268295	7.02247143413184
"TFEC__pos"	2.22044604925031e-16	2.22044604925031e-16	4.23530354741969	6.74279324919699	9.88530582953495	2.22044604925031e-16
"TGM2__pos"	3.15815250100753	2.22044604925031e-16	5.72201717048878	1.47512228035019	12.8205291454702	2.22044604925031e-16
"TLR8__pos"	1.09857826403688	2.22044604925031e-16	2.22044604925031e-16	2.22044604925031e-16	15.3520742077667	5.81405761512254
"TMSB4X__pos"	2.22044604925031e-16	2.22044604925031e-16	4.76046936437811	2.22044604925031e-16	10.2004541408572	8.16274408259273
"TPMT__pos"	0.636643489195074	2.22044604925031e-16	0.777523506738225	6.59489924136747	9.72609699515274	4.11383313824141
"UBC__pos"	2.05983639298565	1.24284063240363	5.19597877301743	2.22044604925031e-16	11.0520512549331	4.85766037723851
"VDAC1__pos"	2.22044604925031e-16	0.0582626217014681	3.25857408908988	4.87105748461974	8.95922512286217	7.19241616477721
"VIM__pos"	2.22044604925031e-16	2.22044604925031e-16	6.46135898825076	3.28501123236906	10.9028838961812	4.41959475852986
"WARS__pos"	5.92325095799281e-14	2.22044604925031e-16	2.22044604925031e-16	0.442730845435192	14.8449951088033	6.17114823262953
"WDFY3__pos"	2.22044604925031e-16	2.63171710277509	1.77612913816034	8.0019968104995	10.7221459798805	0.0164799691327009
"AHR__pos"	1.2223029881024	0.00221723036712003	2.22044604925031e-16	10.3330250635834	11.9625437645243	1.85517458820984
"ANXA5__pos"	2.97047487570454	2.22044604925031e-16	2.22044604925031e-16	1.68823902290827	11.2280026191167	9.96941242475047
"APOE__pos"	2.22044604925031e-16	2.22044604925031e-16	10.1918294870663	2.22044604925031e-16	11.9932748525154	2.22044604925031e-16
"APOL3__pos"	2.22044604925031e-16	3.69800620879675	0.0259720212850325	3.37060242237218	13.1229941442493	2.22044604925031e-16
"ARNTL2__pos"	2.22044604925031e-16	2.22044604925031e-16	2.09141303796138	6.68810982291649	11.2988257461183	4.47927913067902
"ATP6V0C__pos"	3.00059788253836	2.22044604925031e-16	0.328727239960711	2.22044604925031e-16	10.7413211947567	9.51050539387612
"BST2__pos"	2.22044604925031e-16	0.0795532411966026	11.5547935234229	2.22044604925031e-16	8.97721043246564	0.303782623726248
"C1QA__pos"	2.22044604925031e-16	2.22044604925031e-16	7.36134570173993	2.22044604925031e-16	14.1225272271794	1.26946631125196
"CCL19__pos"	2.22044604925031e-16	1.57630797138896	7.7226962357082	1.4631389465018	11.6389232231423	0.0240836502990073
"CD63__pos"	1.83400667397305	2.22044604925031e-16	2.44955828278984	2.22044604925031e-16	13.5438354702863	4.54725460102419
"CLEC7A__pos"	3.73658156570667	2.22044604925031e-16	2.22044604925031e-16	8.28302745802403	12.0733332107496	2.22044604925031e-16
"CLIC1__pos"	1.12488457155969	4.98098664990548	2.4784549274706	2.22044604925031e-16	7.93708146396659	5.465564953312
"CMKLR1__pos"	1.22071817582253	0.377201270247377	3.58477822839064	1.99213009727644	14.771418380261	2.22044604925031e-16
"CPED1__pos"	2.46282504306736	2.22044604925031e-16	5.90568930522967	6.03308732005401	10.1318911732776	2.22044604925031e-16
"CST3__pos"	6.4785614707873	2.22044604925031e-16	4.60514713741384	2.22044604925031e-16	9.12230010979325	5.97087634928065
"CTSB__pos"	2.22044604925031e-16	2.22044604925031e-16	1.94917934581177	2.22044604925031e-16	15.2041465420546	5.08487901225762
"CTSS__pos"	2.22044604925031e-16	2.22044604925031e-16	1.26687534284453	2.22044604925031e-16	11.9274340195465	8.65108758156615
"CXCL10__pos"	2.22044604925031e-16	2.22044604925031e-16	2.22044604925031e-16	1.4053352720321	12.5374772483649	7.54750401899954
"CXCL16__pos"	4.21405974264659	2.22044604925031e-16	1.60448807629476	2.83027418405991	12.4299211807116	2.22044604925031e-16
"EPB41L2__pos"	0.0974326165705383	1.92058860427162e-15	9.08312763958104	8.58622342359342	6.52504887360321	2.22044604925031e-16
"GBP1__pos"	2.22044604925031e-16	0.280577668025586	2.60539845774149	2.66621939761786e-16	16.5644157642514	2.22044604925031e-16
"GIMAP8__pos"	2.22044604925031e-16	2.69274044378001	1.80556051189628	5.39331232824587	12.1340979271169	2.22044604925031e-16
"GLRX__pos"	1.34890583838386	0.952003776095346	2.97459814297254	6.3256893405501	11.6723571936728	2.22044604925031e-16
"GRINA__pos"	2.56042000224117	7.39680890941649	5.52017757972826	9.79982205066946	2.22044604925031e-16	0.769946530053225
"H3F3B__pos"	2.56197297185551	2.22044604925031e-16	8.9440254685095	5.14582695134074	8.73340793939474	2.24358271621799
"HEXB__pos"	1.45842230679995	2.22044604925031e-16	2.22044604925031e-16	6.11948527665627	10.6934966892692	4.64357889295316
"HLA.A__pos"	1.74920898028379	0.853001561816763	3.0418095818227	2.22044604925031e-16	10.0101732774463	5.08393883333475
"HSPA5__pos"	2.22044604925031e-16	2.22044604925031e-16	9.68999130843157	0.0311866748432488	8.10532696323626	2.04494962815546
"IFI30__pos"	1.04264733990329	2.22044604925031e-16	4.32917196159128	2.22044604925031e-16	14.0207731298438	2.81059329750075
"IFNGR2__pos"	0.00173781610496043	2.22044604925031e-16	0.942729083911316	3.24306964466517	12.4846913444807	8.65496201859446
"KCTD12__pos"	2.22044604925031e-16	2.22044604925031e-16	2.22044604925031e-16	6.87437433794347	6.51762238753575	2.9193530545352
"KDM1B__pos"	3.77848033161324	1.1817167423388	1.60136424947194	4.3066586124184	7.57224297462854	2.84234708241141
"LAP3__pos"	1.74537089217044	2.22044604925031e-16	1.90720310251145	0.4507861127376	15.6141061604186	2.22044604925031e-16
"LGALS9__pos"	2.61501088771181	2.22044604925031e-16	5.40909117652615	2.22044604925031e-16	11.9516357604368	4.31044101290558
"NPL__pos"	3.18909719064748	2.22044604925031e-16	4.7066629778909	2.22044604925031e-16	12.1825075824333	2.76215139498775
"PAK1__pos"	2.18435769675875	7.90884864139276	5.50266671088005	0.75646937017123	0.71644759921267	11.882171166395
"PLEKHB2__pos"	1.31814608162139	0.416535839266213	1.73363849632795	7.96033157600329	13.1315395919986	1.51311964675658e-11
"PRDX1__pos"	2.22044604925031e-16	2.22044604925031e-16	1.74827782446186	1.8502858349834	11.746577281695	7.90406516138759
"RAB13__pos"	7.30309438132107	2.22044604925031e-16	10.1150744507391	1.43503187818692	7.8790142238105	2.22044604925031e-16
"RAB6A__pos"	5.61899662321906	2.22044604925031e-16	1.57011394608349	4.89369520671542	6.57803920424312	8.5470453075716
"RARRES3__pos"	0.463081284933021	0.0551873661660444	1.34570588461583	2.22044604925031e-16	11.5833112619244	7.06548536811234
"RNF13__pos"	2.22044604925031e-16	9.87021533782974	9.62594334436352	1.07728880972659	1.45380500762582	1.91251305615623
"RRAGD__pos"	1.88028954739574	2.22044604925031e-16	1.56897688115651	2.32103679754892	14.3685569796268	4.28160697546363
"SAMSN1__pos"	3.62363421125821e-11	0.198021359084492	1.02593207253446	9.29681419112094	9.65025176647782	2.31809654895895
"SCPEP1__pos"	0.345743286266004	5.17360417562144e-13	2.87472816025952	1.4515582414049	9.21294619140036	2.22044604925031e-16
"SDC3__pos"	2.22044604925031e-16	2.22044604925031e-16	8.01480329261192	0.951106831392661	12.3223665819231	2.30723512370702
"SDHB__pos"	1.35080627820811	2.22044604925031e-16	4.92112160395147	1.51392220710303	10.0646738916856	5.873597503861
"SHTN1__pos"	2.22044604925031e-16	2.22044604925031e-16	1.07134218583018	7.73335907273129	12.8114772026593	2.22044604925031e-16
"STOM__pos"	6.53123099261875	2.22044604925031e-16	2.22044604925031e-16	3.41525053479652	11.3414871255701	1.93659802344524
"TBC1D12__pos"	1.8940110521645	1.50210973769084	2.22044604925031e-16	15.5115779310817	7.08692126709386	5.24574099232363e-09
"TLR4__pos"	2.14499630259048	0.415719421088995	2.22044604925031e-16	6.60932247700339	11.7475358895949	0.303895795175086
"UBD__pos"	2.22044604925031e-16	2.22044604925031e-16	6.74934122392804	2.22044604925031e-16	11.4362317910326	3.81487306975815
"ZEB2__pos"	2.22044604925031e-16	0.548944125106105	2.61008753312286	13.1126155742245	9.2645024216329	2.22044604925031e-16
"ZNFX1__pos"	0.602348858096153	3.86025534536814	5.86315274980188	2.22044604925031e-16	10.9343530331706	2.22044604925031e-16
"ANXA2__neg"	3.31281154849595	13.4894774206342	3.17891570252514	3.1316705636178	0.222336208116867	1.48807038365456
"C1QB__neg"	8.2644179990522	12.8062854997534	2.22044604925031e-16	6.03321143109729	2.22044604925031e-16	2.22044604925031e-16
"CASP1__neg"	2.69263861468152	10.407080330787	4.03570020214434	2.17267168965455	1.25428343533423	4.25037180113563
"CD200R1__neg"	10.9078861872374	6.60449300450589	8.35571407056962	2.22044604925031e-16	1.16559672087554	2.22044604925031e-16
"CD68__neg"	2.22044604925031e-16	14.9075872344258	0.664984647851541	10.1808271640696	2.22044604925031e-16	2.22044604925031e-16
"CFL1__neg"	2.22044604925031e-16	5.59375063453492	1.82205861579751e-08	13.1731664534112	3.21445566799747	2.45292477452125
"CLIC2__neg"	8.76670282141709	11.10357715129	0.75889714235961	1.63574190877891e-07	1.80512263721321	3.91860706075355
"CNTLN__neg"	1.48410002504251	9.88314165962555	12.9622027274844	0.209517600211502	2.22044604925031e-16	2.38367417063745
"COL15A1__neg"	7.42584410736864	10.044184437301	2.22044604925031e-16	2.22044604925031e-16	2.03070108559464	8.76344805860279
"CTSC__neg"	7.75576912180688	11.0422185620911	8.27346928126618	0.000196523677143456	0.215650569552904	0.532275253132741
"CTSH__neg"	7.98519139507586	9.07624425008193	0.731295246715919	4.64095264151657	2.22044604925031e-16	4.81061022184895
"CXCL11__neg"	10.8382364012754	9.82622200943877	5.04023710125895	2.05046367380297	0.0762999583149795	2.22044604925031e-16
"DCTN2__neg"	2.22366405523728	9.90523975794689	2.22044604925031e-16	6.73871184670453	1.78486488541037	8.82890736666846
"DNASE2__neg"	13.3462511572434	7.41233723771395	2.1618151848642e-05	4.27770753157854	2.22044604925031e-16	1.50973047005741
"DPYSL2__neg"	1.35322435703897	8.35449019903005	3.24489392542142	0.486960900165866	1.94017602351963	13.7676925164802
"FAM26F__neg"	4.26064563653178	9.68435476630322	3.29047166018933	9.42835849020008	2.22044604925031e-16	2.37236233985686
"FCGR3A__neg"	2.22044604925031e-16	12.0897231400098	8.53238404375941	2.52506293432622	2.22044604925031e-16	4.75014522940445
"FNDC3B__neg"	0.0863154126103122	8.32117293179669	10.8131201178167	2.22044604925031e-16	3.03632592707116	5.11938990232345
"FPR3__neg"	6.29189430389641	11.714823871178	1.63667650999964	0.791672659073176	1.44653576458023	4.79985450108576
"HLA.B__neg"	8.05912301509048	5.5471811530205	2.24509144528925	2.4513213026883	0.79693318706136	2.22044604925031e-16
"HNMT__neg"	8.51709650733287	11.2225619350419	5.83029421746193e-14	4.2660996300556	2.22044604925031e-16	2.99436213567197
"IFIT1__neg"	7.04420506981007	9.63409854154129	2.2608365965956	1.18604829347718	1.26930413035137	7.37697141059633
"IGSF6__neg"	5.09399601635204	10.932659180272	1.4976768516006	8.63348211707584	2.22044604925031e-16	0.206039704086597
"IL13RA1__neg"	4.74119523229694	9.23267598655562	8.51292590727839	2.43572217789474	2.22044604925031e-16	3.65047976227003
"IQGAP1__neg"	7.91368614000996	6.09141041224838	9.62173093700682	2.22044604925031e-16	2.39984181613555	2.84944006883329
"IRAK3__neg"	2.22044604925031e-16	7.5695570718951	15.8556831424394	2.22044604925031e-16	1.18963425956802	2.6185381626788
"LILRB2__neg"	6.3100946890886	10.9773135456679	3.25052053475606	4.36827047670026	2.22044604925031e-16	4.20099869810544
"MAFB__neg"	8.39629205919364	12.5954818590582	1.26733206131891	0.207666726631607	2.22044604925031e-16	3.96825082484484
"MNDA__neg"	2.22044604925031e-16	16.39126371408	3.58513814721576	2.28987883852549	0.141525781158132	3.64736510721293
"MS4A6A__neg"	5.00915727467951	9.51924759506766	3.76561524618428	2.22044604925031e-16	0.917299709567254	7.1863866011001
"NR3C1__neg"	3.75727869703548	3.9856546558993	5.95654182379802	1.35088016346243	4.70606036878453	5.84127016755865
"PITPNA__neg"	3.70277184196312	10.1972715864374	2.22044604925031e-16	6.06769522194186	2.22044604925031e-16	8.94847505064204
"PLEKHO2__neg"	9.5803885586574	7.36870728342472	1.08927687170526	3.27332533891395	2.22044604925031e-16	7.40810180125735
"RAB39A__neg"	8.47736657261433	10.3779117669627	5.84944638367828	1.4036359033403e-08	2.22044604925031e-16	4.15039611569266
"RHOQ__neg"	7.80244081620295	7.81166771944412	6.72299380739516	2.22044604925031e-16	0.973422787462786	2.74927186073808
"RNF130__neg"	2.70350811923898	11.5449077121165	5.16469834927696	3.93978481117656	2.22044604925031e-16	5.11399540258094
"S100A11__neg"	2.22044604925031e-16	14.422362556558	2.8118415109937	9.87557282753566	2.22044604925031e-16	2.22044604925031e-16
"SIRPA__neg"	7.45003528936465	11.8324914969458	0.500235728218536	6.04437357485031	2.22044604925031e-16	2.22044604925031e-16
"SLAMF7__neg"	14.4617885249998	5.7925106196144	5.02341532965464	2.13730479887834	2.22044604925031e-16	2.22044604925031e-16
"SRP14__neg"	0.405428353117056	9.76769966593208	4.6583100286677	5.04495771945811	2.8920687837773	0.649393442993568
"TMEM176A__neg"	6.94700396453803	12.4152084347743	0.376105801004728	4.73091769499327	2.22044604925031e-16	1.60423126760496
"TMEM37__neg"	7.67375779919129	10.7275165832977	2.22044604925031e-16	3.26073185701046	0.523951579304471	5.37051518103324
"TMEM86A__neg"	7.30016510357936	9.71252378112588	1.9331911578405	2.22044604925031e-16	2.22044604925031e-16	9.31291318618354
"TYROBP__neg"	4.41253199061926	13.2829808652836	0.468148741393614	7.75843526275272	2.22044604925031e-16	2.22044604925031e-16
"UBE2L6__neg"	1.94183772989116	7.61036356827926	6.13690002102695	9.53922792375898	0.375434441706875	2.22044604925031e-16
"YWHAE__neg"	2.22044604925031e-16	10.0569295371653	3.57727165773103e-16	5.21773409200114	1.97701349745914	7.90328341017714
"ABCA1__neg"	9.26752956582916	8.27108046002642	4.80197426936689	2.22044604925031e-16	0.387964135218335	6.39317695922916
"ADAM9__neg"	2.22044604925031e-16	13.3645078700593	4.09890085742335	2.22044604925031e-16	0.877786295884888	10.1581152493785
"ANXA1__neg"	1.75229301064313	10.1872880184931	6.17836602856459	0.766801135928809	1.07041382501224	8.01669350191416
"ATOX1__neg"	4.62381993621993	8.69394595763979	4.05170755849599	4.12246803372719	0.975703370132833	0.474861387421626
"ATP6V1B2__neg"	4.32703193497638	7.63122859095251	7.72369689069573	1.05895409999135	2.22044604925031e-16	8.30667439362242
"B2M__neg"	6.87663243226759	7.77252438000268	13.4278840164046	1.44277251960368	1.05097690332253	2.22044604925031e-16
"C2__neg"	8.38359529197939	11.8972904033919	2.22044604925031e-16	5.1825532345912	2.22044604925031e-16	0.0659494083915887
"CD163__neg"	4.36847591844375	13.3616701907506	2.22044604925031e-16	1.57043993174039	2.22044604925031e-16	8.61564042856067
"CD300A__neg"	3.50737293481726	7.99209762623343	6.10458930121076e-14	1.01081063428285	0.783062667413796	14.9142238552754
"CD59__neg"	9.97722737724025	7.08370266468375	7.66468915032435	1.08543337980999	2.22044604925031e-16	2.71845907905964
"CEBPB__neg"	2.10201850379116	11.9752872825153	5.19901118336386	3.26218865334654	2.22044604925031e-16	5.55656775775255
"CHMP2B__neg"	3.70843978675952	6.14210806280094	5.65684154135629	4.42897963853573	2.62963771145763	1.11037071468386
"CLEC10A__neg"	15.7819759262133	6.5344313714373	2.22044604925031e-16	0.647419656413681	2.22044604925031e-16	3.04272181023149
"CLTA__neg"	1.46238678621753	6.44413401323617	2.22044604925031e-16	11.292580457119	2.16089674049479	2.55876820352413
"CREG1__neg"	2.73355665745325	14.1609181760493	7.73878455865298	0.060668214039182	2.22044604925031e-16	2.22044604925031e-16
"CTNNA1__neg"	3.81753548182226	7.20945984686028	2.93647123270221	0.415824215514512	2.22044604925031e-16	12.5911973892298
"CXCL9__neg"	8.78870910478798	9.41908469985946	5.5532273722133	3.35659211447795	2.22044604925031e-16	2.22044604925031e-16
"CYFIP1__neg"	1.37698348307143e-12	10.1456376452054	5.49174209044706	4.06235582409085	2.22044604925031e-16	8.28095011754213
"DHRS7__neg"	3.5528599619388	11.0290797101472	2.22044604925031e-16	5.41164435441467	3.2415297039433	4.6532576460794
"DMXL2__neg"	5.67884166107727	10.5873476069645	8.66557959094685	2.22044604925031e-16	2.22044604925031e-16	1.99381340215716
"EFEMP1__neg"	7.48397733997216	11.0548184021352	1.18706407339516	1.80673985379454	1.31451232274759	3.98601338536459
"ERLIN1__neg"	8.5615457477969	6.19983890449718	2.22044604925031e-16	6.19549768030221	2.67129390039928	5.38367972426743
"FCGR1A__neg"	6.17064862422908	11.6781349642581	4.12499720378466	5.71303212451895	2.22044604925031e-16	2.22044604925031e-16
"FGL2__neg"	7.15598204665071	14.9341490505379	2.22044604925031e-16	2.22044604925031e-16	0.138225796794132	3.9133591379151
"FTH1__neg"	2.22044604925031e-16	13.2468279289506	3.373588229764	9.52816462687665	2.22044604925031e-16	2.22044604925031e-16
"GBP3__neg"	2.67633891328142	9.54063728812711	2.22044604925031e-16	7.43013662760786	0.794479011162186	7.85267555481792
"GOLIM4__neg"	6.53068245829943	10.74543881977	2.22044604925031e-16	2.22044604925031e-16	0.709626952463075	8.02903787277207
"HCK__neg"	2.22044604925031e-16	12.3192197897348	3.80515225607054	6.33298230449865	2.22044604925031e-16	5.88311011908481
"HLA.DPA1__neg"	5.87237010537483	12.3854181916653	3.8848957920027	3.89447945799004	0.360551997765512	0.623480953704175
"IDH1__neg"	8.63252562068503	8.7729475012678	4.38747773155407	1.3726340464799	0.411142443758536	3.9047490272078
"IL18__neg"	9.04083274745684	8.13270297503029	6.90087262130533	2.22044604925031e-16	0.201140171268398	3.65735790975792
"ITGB2__neg"	2.19521330218491	1.30875394616074	7.53295068675089	2.22044604925031e-16	11.4139388321838	2.22044604925031e-16
"LACTB__neg"	12.716392518041	8.74174641061265	0.720484517797966	4.58489817819678	2.22044604925031e-16	0.446476504689999
"LCP1__neg"	5.12018055289194	10.8418035621763	1.47716705810538	9.25945460265206	1.04232361448364	2.22044604925031e-16
"LPCAT2__neg"	7.41745147607669	11.3522251334129	6.20131090759545	2.37721081898336	2.22044604925031e-16	0.585949207104361
"ME1__neg"	1.32784190986148	14.577682504684	3.8383342647095	0.692318471505984	2.22044604925031e-16	6.05922827071952
"MRAS__neg"	8.31367301958679	5.3544413462146	1.45896951370154	8.86063607813343	2.22044604925031e-16	5.80790771738467
"MYD88__neg"	4.95410224451361	2.18836731956528	0.822266086124445	0.329104906870477	9.54006075292576	5.19546255088139
"NEU1__neg"	5.00513279938721	9.33744250774084	2.22044604925031e-16	4.34029072874148	0.395416638485629	8.02341345421112
"NPC2__neg"	4.69910060296307	13.4161238511561	1.56970011470268	4.21479035075238	0.198763887655551	2.45130537563319
"OSBPL1A__neg"	3.67296165737078	10.5245672217173	2.22044604925031e-16	3.23547013947674	2.22044604925031e-16	11.0060823967272
"PDIA6__neg"	7.30071757676485	15.0038844127121	2.22044604925031e-16	2.50323091533075	0.378603113254313	1.23529834274909
"PSAP__neg"	0.0864871265043511	17.6406168792989	2.89618277690907e-12	4.60039079138079	2.22044604925031e-16	0.343457116376109
"PSME2__neg"	5.10588294919733	10.04326645925	3.08818017395583	3.22786963073514	0.714588227697397	3.7802859905883
"PUM3__neg"	2.03722219096012	1.65441283670855	1.93929895068983	3.12915189554721	7.99551213513623	5.98452140015475
"QKI__neg"	3.62555723353282	8.31921499765858	2.31432064347044	2.22044604925031e-16	0.572873658934279	11.782465584168
"SAT1__neg"	2.62517049167023	13.5479296897133	4.9587304853266	1.24614777064687	2.22044604925031e-16	6.8216131830235
"SIGLEC7__neg"	10.6452459703643	10.1455395730949	0.119961735788026	4.73764134828143	0.314672972110167	2.20971772045768
"SLAMF8__neg"	9.32542239143177	6.34186711861077	1.62234503811709	6.85595647317126	2.22044604925031e-16	2.22044604925031e-16
"SLC15A3__neg"	6.79327489870569	9.43785698676023	2.03105864073628	3.68767761305003	0.603637772064313	4.33224135986688
"SLC30A1__neg"	8.03194135932458	3.67098268135541	15.7916612215362	2.22044604925031e-16	2.5056346135108e-12	1.42464713331654
"SNX10__neg"	6.38966282630504	7.61454254592918	16.8336966959747	2.22044604925031e-16	2.22044604925031e-16	2.22044604925031e-16
"SPI1__neg"	2.22044604925031e-16	9.88288614218601	2.56226672404231	4.0556712055885	2.22044604925031e-16	13.8772985902884
"TIFAB__neg"	9.79802641155431	9.90819714531485	2.65577925992591	1.09693195680505	0.165647170850351	5.64914662934837
"TMEM176B__neg"	12.1626982642611	10.2692758594152	2.22044604925031e-16	4.0592885747625	2.22044604925031e-16	2.22044604925031e-16
"UNC5C__neg"	9.55119767508569	6.11344950972831	5.46179393102017	3.04751063290799	2.22044604925031e-16	5.0181817780334
"ACSL1__neg"	0.617910401029093	8.7183100077189	10.0199997542479	3.07342902860728	2.22044604925031e-16	8.1363025626689
"ALDH1A1__neg"	3.77925118117943	14.1394802400507	0.666374659552757	6.29224883440509	2.22044604925031e-16	2.22044604925031e-16
"ANKRD22__neg"	10.2569826105399	9.9444113056436	3.48959556692021	3.70095282048079	2.22044604925031e-16	2.22044604925031e-16
"APOL1__neg"	4.22947856041594	7.56705491233749	2.07327695294274	7.85430329455524	2.22044604925031e-16	6.76019253551914
"APOL6__neg"	8.82941423038882	2.14681845696322	18.0622110680432	2.22044604925031e-16	2.22044604925031e-16	2.22044604925031e-16
"BCL2A1__neg"	7.80438754706756	10.035944271744	4.64531943611527	6.03423088541982	0.140857781921962	1.37455732259086e-05
"BRI3__neg"	3.42491480185325	13.2641329173629	3.50320142907864	2.34326393897752	2.22044604925031e-16	1.67015204024917
"C1QC__neg"	9.82200279122449	13.1451521917541	2.22044604925031e-16	3.40821929108792	2.22044604925031e-16	0.332421862208342
"C3AR1__neg"	12.7682624423304	9.88483665935072	2.61749726760056	2.25488743300816	2.22044604925031e-16	1.66649422863771
"CALCOCO2__neg"	4.5852888366473	5.93933947353448	4.51184577330433	2.22044604925031e-16	0.0313438135405061	12.6442929823032
"CHCHD2__neg"	2.22044604925031e-16	15.1800399014593	2.22044604925031e-16	4.25536561400163	2.97089027449683	2.78849919903847
"CTSL__neg"	14.6233571347216	7.53634797215489	2.22044604925031e-16	2.77621762852713	2.22044604925031e-16	0.886123087306416
"CTSZ__neg"	7.2544564601313	10.7869657359064	2.22044604925031e-16	7.70998464709573	2.22044604925031e-16	1.11721184799487
"CYBB__neg"	10.0178872993446	6.54380758082739	9.54475622978257	2.22044604925031e-16	2.22044604925031e-16	2.22044604925031e-16
"DBI__neg"	6.9170341344726	13.6035395821067	2.22044604925031e-16	1.19821293707004	1.27730107685068	0.289045935721713
"DOCK4__neg"	5.16608012381609	8.48217759371166	6.08750034778647	1.96151637934015	2.22044604925031e-16	7.96606026612197
"EFHD2__neg"	7.33933783726006	5.86690896564525	2.22044604925031e-16	8.85600936408364	2.22044604925031e-16	8.60327224232143
"FCER1G__neg"	2.22044604925031e-16	14.0345727895186	7.27997031587121	4.81155553357767	2.22044604925031e-16	2.22044604925031e-16
"FCGRT__neg"	6.15340946581909	7.62275780529015	3.65635908427246	1.22610328307649	2.22044604925031e-16	11.4556925572624
"FKBP15__neg"	3.08095614894843	4.12001731601853	8.51454097941848	2.05212777236483	1.19656555859544	8.28331086100289
"FMNL2__neg"	2.73184680029424	11.7246713153202	6.14092156182913	2.10281497957457	2.22044604925031e-16	5.99742532305566
"GATM__neg"	7.97371578546871	8.30231056175305	1.31130984421973	2.22044604925031e-16	3.64301540386518	6.62556169787894
"GCH1__neg"	1.01597820134466	6.49409784208712	20.0089405384931	2.22044604925031e-16	1.37763666784659e-05	2.22044604925031e-16
"GNS__neg"	4.34881211932233	15.6620542045422	3.20328596015265	0.652625125556754	2.22044604925031e-16	0.354354092762015
"IFIT2__neg"	4.81484399741097	8.42715123441226	6.85313259340179	2.21548588686771	0.445289973222603	8.25559048317661
"IL18BP__neg"	6.41129032991985	4.60382062340746	3.43831811295032	6.72720375106502	0.173030735412506	7.85619563065868
"ITPRIPL2__neg"	6.20030216790202	6.2463567406246	9.96373478724258	2.22044604925031e-16	2.22044604925031e-16	7.26578038508844
"KCNJ10__neg"	11.4677277042255	7.71513021489473	3.10283533601108	1.00335798032423	2.22044604925031e-16	5.86403642611089
"KCNMA1__neg"	4.27959208660371	7.77517267576607	6.56599184351521	0.9391074152343	2.22044604925031e-16	8.91768110690878
"LAMP1__neg"	5.88377271307921	10.2996442448889	3.61220940079254	2.43914416345659	0.788226958615865	1.41838734613787
"LGMN__neg"	9.44963944618408	11.0788712483372	3.36141021861958	1.32328195904379	0.331737474238959	2.55505791071028
"LILRB4__neg"	6.7812202562937	9.35365124490763	2.22044604925031e-16	11.0359816650492	2.22044604925031e-16	2.22044604925031e-16
"LIPA__neg"	2.22044604925031e-16	11.9509563852658	10.9182827757904	4.19958530426708	0.818865738951657	2.22044604925031e-16
"MCOLN2__neg"	1.71259924293149	11.6797383620458	1.2637611894969	2.30870190806476	0.1282719585603	10.7508183499697
"MRC1__neg"	5.85524746814414	13.6506195580204	1.88082395132506	1.38643473277286	0.336486844876115	4.10727919156715
"MS4A4A__neg"	9.69123990677521	8.39833942140881	1.7802595751971	1.38063528474441	0.545097084661833	6.02841716427989
"MS4A7__neg"	0.963997586467586	8.312324774477	11.114958536236	2.22044604925031e-16	2.51539064548701	5.47864068016585
"NAGA__neg"	0.0516696409209758	13.168627613778	6.21177838606391	3.83741130303567	6.65595246465257e-09	3.81940278813002
"NMI__neg"	10.4445449456193	5.60661758042276	4.99524022828702	1.78643205921862	1.21710594411862	2.77741318527105
"PARP9__neg"	9.11859058418839	3.86367069645949	12.0068168169911	1.71574404463126	2.22044604925031e-16	2.40384419531948
"PCBP1__neg"	1.1143650953478	3.21312550935732	0.470643589887806	1.83164982685906	8.74893701695622	5.84035012363013
"PPA1__neg"	4.26905365218564	12.4940598235667	5.00255880719939	3.91779604856806	0.817761637727984	1.14729561219586e-06
"PSTPIP2__neg"	2.22044604925031e-16	13.0224552637587	3.84975807226009	6.54758442284443	2.22044604925031e-16	3.28834381546886
"RAB7A__neg"	5.94128477633734	13.6426074932052	3.48631386436128	1.63896646718775	0.503916595387567	2.22044604925031e-16
"RASSF4__neg"	6.24730624128253	7.74148005586562	2.71794504623189	1.09310197573756	2.22044604925031e-16	11.5762621600438
"RBM47__neg"	3.22998008530143	10.3877953923797	6.89327163535417	0.673975516593759	2.22044604925031e-16	8.41470940648975
"RGL1__neg"	9.40845539914402	12.3579683903661	1.42705433161464	2.22044604925031e-16	2.22044604925031e-16	1.93083376243286
"RNF135__neg"	4.84668147463421	12.2960083076609	2.22044604925031e-16	1.51591631537581	0.144045194375073	8.46853527609194
"SAMHD1__neg"	8.43127442173989	7.80016366507779	2.8963080635679	2.36718060644658	0.0160484144293763	5.91876677499041
"SCARB2__neg"	8.45368520937925	5.64532127894682	8.65781658826301	2.22044604925031e-16	2.22044604925031e-16	9.76250068267079
"SLC8A1__neg"	8.28815751092564	9.77469262543007	4.23051682122191	2.22044604925031e-16	2.22044604925031e-16	6.89057523393264
"SPRED1__neg"	10.4737398667191	7.91601387165173	3.83106040649155	2.22044604925031e-16	0.29192737461757	6.595229949775
"STAT1__neg"	10.817307005743	5.2256819387504	3.16266168284018	7.34412386278989	2.22044604925031e-16	2.22044604925031e-16
"TCF7L2__neg"	4.05355899794993	9.83123620783215	7.28543026131758	5.52040039145195e-16	2.22044604925031e-16	8.89722829921051
"TDO2__neg"	9.03030021368125	10.681645464914	4.58450751032276	2.22044604925031e-16	2.22044604925031e-16	4.0677483541131
"TLR2__neg"	3.5746920140428	9.89802553507141	11.0483370040755	2.22044604925031e-16	2.22044604925031e-16	4.01908389337799
"TNFSF10__neg"	5.54106199109002	10.3947166611782	8.20557003223914	0.720876729727627	2.22044604925031e-16	3.74594187821907
"TNFSF13B__neg"	0.481356598807344	14.835680507535	4.00712500758123	6.915512341647e-16	2.22044604925031e-16	7.99089347922119
"UBB__neg"	0.0448229052884632	11.5532594226711	2.22044604925031e-16	10.8019237118093	1.72138298064822	2.34695430912854
"UPP1__neg"	2.99242557879258	8.55357909362404	1.79270325826337	2.22044604925031e-16	2.22044604925031e-16	16.4079568535024
"VCAM1__neg"	6.72335364352276	10.4822891428814	1.68235337254659	0.360237380115693	5.18739338203042	0.496762479707808
"YBX1__neg"	3.10787229748849	10.2171621464034	2.22044604925031e-16	4.14463613628089	0.226495871134653	0.47934854388875
"YPEL5__neg"	2.22044604925031e-16	8.60439103228101	8.03894278332902	1.41343991173761	6.86688790607787	2.22044604925031e-16
"ACTR2__neg"	1.66774271258193	2.22044604925031e-16	3.42143299921592	8.90616985286985	3.82992358603358	9.81604711019857
"ADAP2__neg"	2.25359085694391	11.1093984298809	4.46506632065372	1.35792749622442	2.22044604925031e-16	9.49248270282854
"ADGRE2__neg"	3.75454116825179	11.8643179173971	6.35787902623639e-15	4.44133877809957	2.22044604925031e-16	6.93348039836584
"AGTRAP__neg"	8.18717131619828	7.23831252456392	2.36119878324267	3.66236935541902	2.22044604925031e-16	7.80634786034431
"ALDH2__neg"	2.22044604925031e-16	12.8784248538808	0.681768115064829	6.01290590078855	2.22044604925031e-16	7.30580822382776
"APOC1__neg"	17.552272325999	3.65245663502944	2.22044604925031e-16	1.01384671614805	2.22044604925031e-16	2.22044604925031e-16
"ASAH1__neg"	11.1733629014885	2.22044604925031e-16	2.22044604925031e-16	5.24232402315815	6.04734891375276	2.1538516802117
"CCL18__neg"	6.73216108681901	12.4503331248468	6.50006938639015	0.596863601012266	0.351034188138969	0.279829136286564
"CCP110__neg"	4.29754842646642	3.41233870146915	10.1549830817131	2.22044604925031e-16	1.8639101730062	7.39984536420062
"CD14__neg"	5.61147361291752	12.8117994012281	2.22044604925031e-16	5.89667172257504	2.22044604925031e-16	2.6711727749737
"CD86__neg"	8.21958427697253	9.51908192636055	3.37569194448331	3.78143252903669	0.0604452451018782	0.524544708515517
"CFB__neg"	8.07682300708243	8.70799166071223	2.22044604925031e-16	3.94715633795833	2.22044604925031e-16	6.92046950172598
"CFH__neg"	5.42516933463371	12.694255646522	0.000404659634128152	0.508196734936077	0.487398404096411	9.21928327812778
"CHP1__neg"	3.73174982492656	10.2166497846366	7.64790445874196	5.37083844451902	1.31064226937893	0.233200827425005
"CLEC12A__neg"	2.22044604925031e-16	11.123062263983	7.38848083600463	2.22044604925031e-16	2.22044604925031e-16	9.58813769319732
"CMTM6__neg"	2.22044604925031e-16	5.85341821306741	15.2392203560833	2.22044604925031e-16	4.35536280756531	2.22044604925031e-16
"COL6A1__neg"	3.74655314865062	7.01140675079195	2.22044604925031e-16	7.69141542572167	0.675047883827351	10.7323639808634
"CPVL__neg"	7.21220796349685	15.8629245054728	5.0184098674518e-16	2.10094415200835	2.22044604925031e-16	0.272990625029642
"CSF1R__neg"	6.70374329332772	11.6023880030033	2.22044604925031e-16	3.06022723479168	2.22044604925031e-16	5.59120714814033
"CWC15__neg"	0.5576026413213	4.40672046680983	7.95398186006266	5.18108754281547	6.02610214347683	0.65197105798219
"DNAJA1__neg"	9.38963553210063	8.84472517801877	2.22044604925031e-16	5.39328725430622	2.22044604925031e-16	4.06574425448175
"DOCK5__neg"	2.22044604925031e-16	9.44847366853692	2.22044604925031e-16	2.28819861439032	7.98179276494291e-07	17.6123160721208
"DSE__neg"	2.22044604925031e-16	5.2529322988099	16.1112931762371	2.22044604925031e-16	0.714405139187878	4.86839045058692
"DSTN__neg"	0.87516278879391	10.7359073591202	2.22044604925031e-16	4.99165304484598	4.97923262202767	4.46697298162992
"FAM129A__neg"	4.52357988382062	11.646479596666	2.22044604925031e-16	2.22044604925031e-16	0.304737115810796	10.3247540988254
"FAM198B__neg"	5.95362789914683	9.54242462431313	9.54629402446531	2.22044604925031e-16	2.22044604925031e-16	4.34120549558584
"FCN1__neg"	2.22044604925031e-16	12.8698639974539	2.56860760472937e-13	2.9783120866485	0.505502437267159	11.8837209711928
"FTL__neg"	2.22044604925031e-16	11.6810063967304	4.65546987745779	11.7189729568977	2.22044604925031e-16	2.22044604925031e-16
"GADD45B__neg"	0.591993556647956	7.90766961131648	2.22044604925031e-16	7.77185281216909	2.53986658416158	0.520662389610145
"GBP5__neg"	10.3604659615487	3.71938605633741	8.42949791736033	5.43659459220279	2.22044604925031e-16	1.04621728796038
"GLUL__neg"	2.22044604925031e-16	13.3913324148067	4.0477522152062	8.40654236149019	2.22044604925031e-16	0.0351329325150483
"GNAI2__neg"	5.31675679124323	8.02571693720992	2.22044604925031e-16	12.2560226381949	2.22044604925031e-16	1.30476242043434
"H2AFY__neg"	0.360953344885532	6.76349216618101	7.54755752003916	1.9019904795373	0.911200864456976	12.6984909855827
"HAVCR2__neg"	6.3105012838998	4.8523208702639	6.17782708655911	10.4372536816087	2.22044604925031e-16	0.504281833440728
"HLA.DRB1__neg"	7.12117240131797	11.4022428750014	0.291531209548985	1.89517383689984	1.17510600722117	3.60319512259765
"IFIT3__neg"	0.0174807079393907	12.8782541491354	2.68595356696444	7.01365393574187	2.22044604925031e-16	5.13892200004845
"LGALS3__neg"	4.14658493527133	11.6540927019302	1.93288135038319	9.36211097631546	2.22044604925031e-16	0.132728735773173
"MAPRE1__neg"	4.45747057430334	2.22044604925031e-16	2.22044604925031e-16	8.96874328589935	6.86923871391723	5.21432069413411
"MITF__neg"	6.26756045885559	9.95920698127475	2.22044604925031e-16	2.08876229729663	0.000120868315996695	8.04508341809301
"MPEG1__neg"	6.71932338299456	11.1996717258088	7.7959786421671	2.22044604925031e-16	1.80098954431064	0.0333656177526209
"MYOF__neg"	4.72195091364135	11.5466394991064	7.32713103602546	0.805904016904432	2.22044604925031e-16	3.9959028952306
"NAGK__neg"	3.12938404218766	5.57589761968178	5.65002442927092	2.22044604925031e-16	3.02338869430236e-16	14.7736594903792
"NCF2__neg"	2.22044604925031e-16	10.0756056409329	2.01018251740248	6.16007628906235	0.302145288366493	10.2775345648552
"NINJ1__neg"	10.9439051023386	7.69150368694629	2.27062081445111e-05	8.46284592651954	2.22044604925031e-16	0.0664869109344342
"NKG7__neg"	3.87104134990047	8.70094910636358	2.45929028978429	12.1763381745869	0.342198486293442	2.22044604925031e-16
"OLFML2B__neg"	8.94604616749519	6.76587546570633	2.22044604925031e-16	8.46705965879678	2.22044604925031e-16	5.22572325017451
"PDCD1LG2__neg"	11.5771826926427	10.6657522296081	0.798406451034056	2.22044604925031e-16	2.22044604925031e-16	2.22044604925031e-16
"PDIA3__neg"	2.05326576134047	17.1934669922883	2.22044604925031e-16	2.24350276363745	1.60139018181764e-13	2.22044604925031e-16
"PLEK__neg"	6.98528634671475	10.3557982741345	1.91451605440486	1.51863255029445	0.685731337948913	6.335105250122
"PLTP__neg"	8.83001028592928	11.6556659502884	0.911110426790936	4.79419132487896	2.22044604925031e-16	1.59453067361217
"PRCP__neg"	3.62683288982719	11.8473212515991	2.18375935337071	2.22044604925031e-16	2.61842570110415	3.07776059054152
"PRKACA__neg"	2.84872511125557e-05	9.41071735756037	9.23625685406832	3.84218448027203	1.15869598013572	4.03342769117459
"PRNP__neg"	6.67129101283973	7.48607883013423	13.3550213974748	2.22044604925031e-16	1.31042581612355	2.22044604925031e-16
"PRR13__neg"	5.36986883745384	7.55136270759114	7.51433936738697	0.970101785669507	1.84500373817153	2.22044604925031e-16
"PSMB4__neg"	2.47052242677516	8.48957723870311	5.46222279728855	7.29776148729106	2.0079594783449	2.32279899514063
"PTAFR__neg"	9.01818751377412	7.74628334111001	2.64571969110236	6.08586645079843	2.22044604925031e-16	2.52708345584813
"PXDC1__neg"	11.4395016838614	8.26852272187286	1.10638400455173	2.83878315358656	2.22044604925031e-16	3.84085168892877
"RALB__neg"	9.50424571165693	5.65646702632938	3.97234262808316	1.77385295236905	0.524868981383485	0.278592558572636
"RAP2B__neg"	1.13402986672944	8.77257980600185	11.6592941999686	2.22044604925031e-16	1.60113224926993	4.41127994048928
"RHOU__neg"	4.98494521279604	8.05853234101688	9.61746576509112	2.22044604925031e-16	2.22044604925031e-16	5.59318227343793
"RNF144B__neg"	5.15969783640373	11.1944418902854	8.5357211910341	0.976516647204866	2.22044604925031e-16	3.44994931139511
"SERPINA1__neg"	4.25834899869506	10.5962692440973	1.82389211529287	10.7682740979638	2.22044604925031e-16	2.22044604925031e-16
"SERPING1__neg"	9.72080513345074	12.3202375215623	2.22044604925031e-16	6.00272210406207	2.22044604925031e-16	2.22044604925031e-16
"TFEC__neg"	10.3399885040782	8.71532621000364	1.98429041110288	2.22044604925031e-16	0.436188419148945	3.59214271729109
"TGM2__neg"	3.89994607103873	12.0359646269836	2.22044604925031e-16	5.23980365691354	2.22044604925031e-16	6.23421684760045
"TLR8__neg"	7.77110045848442	8.99536665267524	6.87560167744388	4.86180726070729	2.22044604925031e-16	2.22044604925031e-16
"TMSB4X__neg"	6.52185900169687	4.96568969669496	0.663646955959228	11.5854933309762	2.14224429657787	2.22044604925031e-16
"TPMT__neg"	9.82525395203087	11.8175851791017	1.18660144354908	0.68723303715334	2.22044604925031e-16	1.26522402360871
"UBC__neg"	2.78625229428714	8.12434115593913	2.22044604925031e-16	14.3075090682002	0.306966836415218	2.46530248601868
"VDAC1__neg"	5.18596667985666	3.63300042851982	8.86682592862277	3.47469489283511	3.40311919877432	2.08078875881651
"VIM__neg"	7.31129013807478	9.41511168572519	2.26549119356493	3.51493823435627	0.733390677681132	5.59778698238109
"WARS__neg"	3.4042333149369	11.5224794408218	3.50242993294889	7.86734242913555	2.22044604925031e-16	2.22044604925031e-16
"WDFY3__neg"	7.27972498405384	8.26049622833966	4.29073443278943	0.781955336857831	0.29186886229912	7.98930260030471
"AHR__neg"	6.01974365902778	11.2149699177901	11.9290610936384	2.22044604925031e-16	2.22044604925031e-16	0.56548234976588
"ANXA5__neg"	3.83206742411516	9.71313857902045	5.5997297517238	7.39499448242742	2.22044604925031e-16	2.36650711875199
"APOE__neg"	11.8382338432869	8.09796766733046	2.22044604925031e-16	7.22768843338089	2.22044604925031e-16	0.24391215549347
"APOL3__neg"	13.5585352101561	3.59300822098445	2.42211424602243	0.769447301031526	2.22044604925031e-16	9.23472230222282
"ARNTL2__neg"	6.99087032701499	11.124719684172	6.29061876264799	1.261914142545	0.169896144800113	2.54656624240716
"ATP6V0C__neg"	1.18839670744733	12.210763086129	2.35854622233584	9.39561908724888	2.22044604925031e-16	2.22044604925031e-16
"BST2__neg"	14.2312138591329	5.43722669697489	2.22044604925031e-16	3.14668296359505	2.22044604925031e-16	2.85362668603467
"C1QA__neg"	8.07712307086755	12.7880409138008	2.22044604925031e-16	6.62320407940894	2.22044604925031e-16	2.22044604925031e-16
"CCL19__neg"	11.4852995778556	7.41541053477947	0.441480812176482	5.63052004652962	1.13041045381575	1.51391123948155
"CD63__neg"	2.94015070673275	14.260570556663	1.85339788131974	5.88250026440806	2.22044604925031e-16	0.754735781658238
"CLEC7A__neg"	4.97113633705293	10.3568178295441	6.09361730692999	2.22044604925031e-16	2.22044604925031e-16	7.55146308432823
"CLIC1__neg"	0.844027674601353	1.18042882687109	6.10680671190642	13.1088519849346	3.54190862707075	9.72289222037368e-05
"CMKLR1__neg"	7.6638212455948	11.2587202172912	2.22044604925031e-16	2.67929314708127	2.22044604925031e-16	6.621453066926
"CPED1__neg"	4.79548843924477	13.533549562474	0.774419710211638	0.736916651784908	2.22044604925031e-16	7.47376407957607
"CST3__neg"	2.22044604925031e-16	15.1844475720715	2.74083960967817e-16	8.6019240925412	0.627481865146473	1.13386018399764
"CTSB__neg"	7.08603489239245	12.8174666641842	0.218555782436921	7.1376524135858	2.22044604925031e-16	2.22044604925031e-16
"CTSS__neg"	8.13348581906439	13.196615205654	2.22044604925031e-16	3.5140667461567	2.22044604925031e-16	2.22044604925031e-16
"CXCL10__neg"	11.5168468698198	9.27034366410579	4.13386810038043	1.52726958135473	2.22044604925031e-16	2.22044604925031e-16
"CXCL16__neg"	2.22044604925031e-16	15.0166932041605	0.77008336271754	5.22447982253832	2.22044604925031e-16	2.65954439327021
"EPB41L2__neg"	1.85689031484333	8.82032910854999	2.22044604925031e-16	2.22044604925031e-16	1.06133516326108	14.5282195387147
"GBP1__neg"	13.0943170434376	6.35851750478759	1.48148168795357	6.30696255978969	2.22044604925031e-16	0.850915714771252
"GIMAP8__neg"	9.14221840396946	6.38339975753824	3.12680334132971	0.259992824851973	0.85741419892472	9.19653600643662
"GLRX__neg"	4.76763692370274	9.91890940147408	5.17421184797416	1.29574513992962	0.507425005941365	6.32771770738846
"GRINA__neg"	4.50140075365144	0.213622754006985	0.471854942750638	2.22044604925031e-16	10.402025595965	7.45825766402813
"H3F3B__neg"	3.23872355435432	7.8203461378412	2.2691086416395	5.92021079042665	3.57850732395157	5.7511071688306
"HEXB__neg"	8.38296795864652	9.34997402008863	6.99824395023495	2.22044604925031e-16	0.504052792797616	1.4208842291115
"HLA.A__neg"	3.89965111725245	10.1112172904661	3.12591026906716	5.2126996770247	0.068652939273646	1.09825142154153
"HSPA5__neg"	9.56040654819832	7.79541826728932	2.22044604925031e-16	3.47073610301435	0.329156953528151	1.50147640024247
"IFI30__neg"	6.95494924687077	11.6672357280653	2.22044604925031e-16	8.2627739207456	2.22044604925031e-16	2.22044604925031e-16
"IFNGR2__neg"	2.97301861414567	12.1398862757324	7.80502968608497	5.69758324772967	2.22044604925031e-16	2.22044604925031e-16
"KCTD12__neg"	4.76793326841265	9.66684851356108	2.04804838996834	2.22044604925031e-16	0.776388470943744	2.22044604925031e-16
"KDM1B__neg"	3.52590617710062	6.81621784386594	6.77486339775279	1.06903933264712	0.648919169042584	5.07275466424492
"LAP3__neg"	7.18883008433737	11.584435628513	0.595892554941103	3.46049264748437	2.22044604925031e-16	3.05996131798255
"LGALS9__neg"	4.66245800770005	10.7008258343883	3.83040310931548e-10	9.04670692589051	6.78557692255832e-16	3.44047808532769
"NPL__neg"	2.79044381081302	13.5640829378941	1.30479133714978	6.45025310024807	2.22044604925031e-16	1.48342085721257
"PAK1__neg"	0.230615411034296	2.22044604925031e-16	0.0191766607347846	11.2015981768694	11.9692172950574	2.22044604925031e-16
"PLEKHB2__neg"	2.80975914690902	9.40095430745934	5.70858149640915	0.673523145550275	2.22044604925031e-16	12.1340968219315
"PRDX1__neg"	4.39518619844628	13.2902717868268	4.00060705959155	4.24102691331832	2.22044604925031e-16	2.22044604925031e-16
"RAB13__neg"	2.22044604925031e-16	9.89860124288751	2.22044604925031e-16	10.368650987928	0.851145722657724	6.30686600752347
"RAB6A__neg"	9.17222965066079e-13	11.2360307921146	3.28752906474964	4.1181002558568	4.4238278578501	1.25575969119776
"RARRES3__neg"	4.4426188190215	8.16253355847867	0.699682147880795	10.9960034673026	2.22044604925031e-16	2.22044604925031e-16
"RNF13__neg"	7.85465511622907	2.22044604925031e-16	2.22044604925031e-16	5.24992517389813	7.54911256922111	3.13197463450453
"RRAGD__neg"	5.08770290381913	9.64120501674832	7.97035181413621	4.89002026949686	2.22044604925031e-16	2.38630295135598
"SAMSN1__neg"	7.07366527957962	7.48768592599493	6.17402813004237	2.22044604925031e-16	0.370457949444998	5.752731131114
"SCPEP1__neg"	13.0257833053382	4.06416945187207	0.89727052039958	0.923062064927716	2.22044604925031e-16	0.118467713231727
"SDC3__neg"	11.1166017601314	9.94538779891031	2.22044604925031e-16	4.57157946231385	2.22044604925031e-16	2.94633808038943
"SDHB__neg"	7.94638430237449	8.11393372776994	0.528060828686639	8.84510114554756	1.57686519760715e-12	1.71409687225657
"SHTN1__neg"	9.84050977833546	9.24233323736307	3.30646749134622	0.477888906961798	2.22044604925031e-16	4.8150136300135
"STOM__neg"	2.22044604925031e-16	10.2231862375065	11.9328411560466	4.03836623659512	2.22044604925031e-16	1.62239385406643e-06
"TBC1D12__neg"	5.45343242381663	5.8723908934235	10.6394788370117	2.22044604925031e-16	1.81448931309041	5.19884025336761
"TLR4__neg"	5.40140934122123	10.4494751368268	7.69914983155195	2.22044604925031e-16	2.22044604925031e-16	2.18540257349487
"UBD__neg"	13.4824832689445	6.50518011163945	2.22044604925031e-16	7.24456189639405	2.22044604925031e-16	2.22044604925031e-16
"ZEB2__neg"	3.25096466530703	6.64175469551757	4.70291057437761	2.22044604925031e-16	1.05834723204903	14.5400327196404
"ZNFX1__neg"	4.25302444665931	2.22044604925031e-16	2.22044604925031e-16	12.7372844701253	1.28189745823365	10.1501900157737
