"IS01"	"IS02"	"IS03"	"IS04"
"AGR2__pos"	1.89706870715731	7.06192408900938	2.22044604925031e-16	0.168691400933912
"ASPN__pos"	0.97918973898225	3.61418928216212	0.113801430509107	2.74787055635483
"C1orf53__pos"	2.85400737337274	6.42441029136677	2.22044604925031e-16	9.95849070555863e-06
"C1S__pos"	0.953704563196047	3.05408894018962	2.5096766744851	2.07810872014519
"CADPS2__pos"	1.45834762279085	3.13756409084435	2.06272853726921	1.55453334865963
"CATSPERD__pos"	2.68151577650042	6.7484731201672	2.22044604925031e-16	2.22044604925031e-16
"CCDC173__pos"	1.3159781940325	7.53741155486857	2.22044604925031e-16	2.22044604925031e-16
"CCDC8__pos"	2.22044604925031e-16	6.87642373740763	2.22044604925031e-16	0.533032738440113
"CFAP43__pos"	0.212717068583352	5.55250547829565	2.22044604925031e-16	2.52682254618424
"CHRDL1__pos"	1.02741944184642e-14	3.66817458457026	0.775830546998537	4.21498184686453
"CLEC14A__pos"	0.576415256836869	4.46206924524409	1.32869551001022e-14	3.42701337620046
"COL1A1__pos"	0.329317575047343	5.20372232450156	0.0310427997514369	2.23146580568582
"COL5A1__pos"	0.594860950186554	4.22019110935338	0.393129902870326	2.33892242543107
"COL6A3__pos"	1.71606675379133	1.93335953868024	1.84825362302611	3.11754582722271
"COL8A2__pos"	2.22044604925031e-16	3.81317292045972	1.55670482373252	2.32086487273502
"CPXM1__pos"	1.08238080872207	3.65595546566701	2.22044604925031e-16	3.22794987978878
"CXCL17__pos"	2.76092768700107	6.15553402927077	2.22044604925031e-16	0.420496253591286
"CYP1B1__pos"	1.2729058732823	3.66494563316919	1.50304225392281	2.53887287783453
"DYDC1__pos"	2.61255043978338	6.75821719767403	2.22044604925031e-16	2.22044604925031e-16
"ELN__pos"	0.418630384731083	5.39512509300307	2.22044604925031e-16	1.6019005432373
"FBLN1__pos"	0.671181620276716	4.36416194525044	0.594814722087244	2.40879503644714
"FLRT3__pos"	1.79709856322397	7.08048751023032	2.22044604925031e-16	0.349496479175041
"FSTL1__pos"	5.24912872478523e-16	1.58160377853381	2.57308970485252	3.65575135561543
"IRX5__pos"	2.30119513601597	6.91217201882149	2.22044604925031e-16	2.22044604925031e-16
"ISLR__pos"	2.22044604925031e-16	4.21713325908797	2.22044604925031e-16	2.84467256007142
"KIAA1211L__pos"	0.211821024348512	4.1907692184906	1.078476639928	2.63416709437827
"LAMB1__pos"	1.57578252238544e-06	4.32797439035846	1.04020852947082	3.39537458278728
"LRRC15__pos"	0.387679117259353	3.81974393228184	1.7916149609473	2.32365524049218
"LTBP2__pos"	0.220137544697828	4.12719947610249	0.481884362105662	2.85871119738376
"MMP7__pos"	2.22044604925031e-16	5.12227755118685	1.36320483773528	1.9205664536754
"MXRA5__pos"	0.728338683093694	4.03743250427067	2.22044604925031e-16	3.65268783838603
"MYO10__pos"	2.16609908017284	2.19049148906519	0.998502374814305	2.87479356155266
"PARVA__pos"	2.71499224270952	3.57980276050647	1.83616266627088	0.238272247261799
"PCDH18__pos"	0.82366061390427	3.74067965168847	0.295231346614254	3.07888483858249
"PDGFRA__pos"	0.672264298419223	3.2769385917901	0.133731351588796	3.86040927491286
"PHLDB1__pos"	1.83849754078126	3.88763708004535	2.37829771484888	0.193201622010494
"POSTN__pos"	0.285200747462207	4.03523212695551	1.17060763319998	3.18090712595983
"PRELP__pos"	0.157900078183315	5.07626724238503	2.22044604925031e-16	3.33360522545074
"RGS11__pos"	0.465323066566785	4.27461714387618	0.444597537404631	2.70592652131275
"RHOD__pos"	0.745522073545508	5.96841260629285	2.22044604925031e-16	1.78078338518189
"RNASE1__pos"	0.110580106090349	4.66530145751444	0.971317972344194	2.96263460236721
"ROS1__pos"	2.76622412814412	6.59488785296882	2.22044604925031e-16	2.22044604925031e-16
"SEMA3C__pos"	0.768258885940646	2.91697531354323	0.483190291172465	2.91017685355202
"SFTA3__pos"	3.19746574018568	6.00887303892547	0.341275384553427	2.22044604925031e-16
"SFTPD__pos"	3.36972740560756	6.17431942966556	2.22044604925031e-16	2.22044604925031e-16
"SLPI__pos"	2.09562096946535	5.83558578253703	2.22044604925031e-16	1.52230924037201
"SPARC__pos"	1.97291403812756	2.61410080685726	1.38617209542656	1.7469521081493
"SULF1__pos"	0.260367556398189	5.02925976940602	0.0542102438830319	2.43753141348734
"TGFB3__pos"	0.227213619372862	5.10556012797286	0.352425472143723	2.70463950320921
"TIMP3__pos"	0.230485564217471	3.79837561288015	0.0652639408922908	3.45820718307123
"TSPYL5__pos"	0.536718459183703	3.32123976873773	1.76679133519622	2.32018072528149
"UNC5B__pos"	3.64137176277739	1.2570238258256	3.38309323920065	0.52455374887957
"WISP2__pos"	0.577603134882849	6.16488835634633	0.520933741718566	1.06142628195108
"ZNF768__pos"	0.642244497144271	3.43978992481843	1.4879663885679	2.49466049961161
"ABI3BP__pos"	0.014001413415388	4.59996649948707	2.22044604925031e-16	3.33864191763968
"AQP4__pos"	0.454976161946239	5.38639682228039	0.161964230521928	3.14318627250319
"AVPI1__pos"	1.33420057147045	5.015520365052	2.22044604925031e-16	1.59257765487989
"BBS5__pos"	1.04203566707975	2.98948734838813	2.22961740959678	2.36547119506212
"BHLHE22__pos"	1.26882499506448	4.36627719408327	2.22044604925031e-16	2.56041299975836
"C16orf89__pos"	1.2193644070951	7.54619721359929	2.22044604925031e-16	2.22044604925031e-16
"C3__pos"	2.22044604925031e-16	5.02576537785979	2.22044604925031e-16	3.28529858675019
"CCDC80__pos"	0.589397549996516	3.64236664379689	2.22044604925031e-16	3.3509384733205
"CMTM4__pos"	2.33515361880646	3.14499260079756	0.762783513838379	1.78676042635482
"COL16A1__pos"	2.70698307755399	1.72018527280453	4.51226254713208	0.0222886685642801
"COL1A2__pos"	1.15325028275025	2.48464987432303	1.07991757825147	3.41708882490719
"COL5A2__pos"	0.986975139764002	3.22799749171535	0.744571585239451	2.90768368769157
"COL6A5__pos"	1.21819846064808	5.79153086780663	0.272697332634092	1.89066370479512
"CTSK__pos"	2.22044604925031e-16	2.76557500733554	0.63745305368976	4.83885936592728
"DPYSL3__pos"	1.24862709849043	3.02135194305013	2.22044604925031e-16	3.53623079246174
"DYDC2__pos"	0.406604093658697	5.42282048909818	2.22044604925031e-16	2.88170345430886
"EDIL3__pos"	2.22044604925031e-16	4.04070858314036	2.22044604925031e-16	4.96061059946778
"EGFL6__pos"	0.309288468578639	6.02275452452931	2.22044604925031e-16	2.51828088835937
"EHD2__pos"	2.72351110622516	2.30339554497906	0.739957786258106	2.51111054855359
"FAM180A__pos"	1.68568167727853	6.92933396868688	2.22044604925031e-16	0.42307841279398
"FBLN2__pos"	0.313405803514896	3.58958659626223	2.22044604925031e-16	3.19734680005334
"FKBP7__pos"	2.22044604925031e-16	4.50235923581921	0.592092995346106	2.47742423351844
"FZD7__pos"	2.22044604925031e-16	3.96965911602377	0.430002454057617	3.49364450220201
"GATA6__pos"	1.22467396288292	4.14729178364054	2.22044604925031e-16	3.34117119075264
"GPC6__pos"	0.314779656435307	3.70964452882245	2.22044604925031e-16	3.19139712335907
"HMCN1__pos"	0.132837769576529	4.26512876225411	0.299508992303897	3.77797394377438
"IGFBP4__pos"	2.22044604925031e-16	3.65285493615811	0.473894625612705	4.11608966232007
"INHBA__pos"	0.122994101551787	4.02516243144232	2.22044604925031e-16	3.21533472934665
"ITGB6__pos"	1.92352290004052	6.53391908703352	1.5150388242353e-07	0.677319032158836
"JCHAIN__pos"	0.477126095575732	3.90421471355851	1.13102911493843	3.02133230520869
"KCNK3__pos"	1.22284800496515	7.06309254420801	2.22044604925031e-16	0.800037389534774
"LAMB2__pos"	2.02444811326401	2.70414954048682	0.956168678636577	2.17528501332234
"LDLRAD1__pos"	1.97949362635046	6.87367235065089	0.0516185502469774	2.22044604925031e-16
"LMO3__pos"	1.85731362905151	5.44098883775524	2.22044604925031e-16	1.61573647648753
"MALL__pos"	0.0774588608801146	3.51305886839066	1.64083429612162	2.79467995939343
"MGST1__pos"	2.22044604925031e-16	4.70658252175824	2.22044604925031e-16	2.9943944245207
"MINOS1.NBL1__pos"	0.320304345393005	3.89789996791788	0.060559283515273	3.58969445138199
"MYH6__pos"	0.824401466195756	6.00852348182669	0.776746233980065	0.574201966659757
"NFIX__pos"	0.480835065144419	4.3776412317519	1.72178073555147	1.46805582804983
"NRK__pos"	1.70706362880197	5.88174741187729	2.22044604925031e-16	1.14924892632821
"PIEZO2__pos"	0.000979494939390851	5.16863666231477	1.42899890298955	1.68118388347544
"PLEKHS1__pos"	1.42101911037015	6.82417647450201	2.22044604925031e-16	0.779733928910779
"PON3__pos"	1.02778836857893	5.41723683266606	2.22044604925031e-16	2.14166372153637
"PTPRD__pos"	0.680559127809372	4.90442272962097	2.22044604925031e-16	3.08010579354157
"RGS22__pos"	2.22044604925031e-16	6.25815119075725	2.22044604925031e-16	2.03607954329782
"ROR2__pos"	0.202148657108294	4.51776550842344	0.486750825739358	2.26340809353122
"SERPINF1__pos"	2.22044604925031e-16	4.62738638108842	2.22044604925031e-16	3.56693063004401
"SFTPA1__pos"	2.17024862492663	5.2153963077693	2.22044604925031e-16	2.15722328948683
"SH3D19__pos"	0.146326545042602	4.55088680599289	1.01066879213947	3.27968597123261
"SLC34A2__pos"	3.04636692173225	6.27691808461756	2.22044604925031e-16	2.22044604925031e-16
"SPON1__pos"	1.15053564040997	3.95246493697859	2.22044604925031e-16	2.02717374490943
"SRPX2__pos"	0.867397031182259	3.64593989881398	0.109533126463729	3.17023992665609
"TACC2__pos"	0.30904043071107	4.37325929561205	1.38340089500839	1.9833059234843
"TBX5__pos"	0.458234147111456	5.82475260075526	0.0483226574354251	2.04368088789548
"THBS2__pos"	0.2907570625371	3.91780735647935	2.22044604925031e-16	3.74772452229802
"TMEM190__pos"	2.63154494291528	6.68821350791576	0.0782626723622742	2.22044604925031e-16
"TNFSF13__pos"	0.586327304998541	4.30885221883265	0.617031272334093	2.49448393907794
"VLDLR__pos"	2.22044604925031e-16	4.19812170179793	0.833498922461819	2.2952331904552
"WIPF3__pos"	1.70927112805195	3.10525494128734	1.10816254157614	1.73702590277583
"A2M__pos"	1.75090910307602	3.4582777882311	1.08898950914372	1.59346279618332
"ADAMTS5__pos"	0.610665485656422	3.68927818310446	2.22044604925031e-16	2.71163785087587
"AEBP1__pos"	2.22044604925031e-16	4.09801794441046	0.149535754573667	3.47559550496224
"ANO1__pos"	2.22044604925031e-16	4.69771046496414	2.22044604925031e-16	3.75778332521261
"ARFGEF3__pos"	1.06278850358077	2.2721167620309	1.24220455206758	2.54409562691138
"BGN__pos"	0.274935016376964	3.98662544842638	0.697758606847825	3.265539579599
"BPIFB1__pos"	2.22044604925031e-16	6.46445944486594	2.94983250434608	2.22044604925031e-16
"C10orf107__pos"	2.22044604925031e-16	6.77786945375021	2.65388800813375	2.22044604925031e-16
"C1QTNF5__pos"	2.22044604925031e-16	4.91661691538127	2.22044604925031e-16	3.60419087422446
"CDH11__pos"	2.31829177035677	3.80933994088697	1.31995795205192	0.754883116261995
"COL3A1__pos"	0.225596303217227	4.52851805160575	2.22044604925031e-16	3.62967703114351
"COMP__pos"	2.22044604925031e-16	4.83796682012555	0.794493161658725	3.17129312706169
"CTSE__pos"	2.22044604925031e-16	5.70023406877391	2.88770761482901	0.888770159648707
"CYP7B1__pos"	0.296683893827703	2.69926748932709	0.711761227097196	4.38103666037304
"DIO2__pos"	0.0261816309575325	3.88101931940108	1.19947852709692	3.21753387952508
"DKK2__pos"	2.22044604925031e-16	4.69529234354379	2.22044604925031e-16	3.18423464655066
"ENAH__pos"	2.14126759823872	3.03441951192831	1.78838228802439	1.16535707051521
"EPCAM__pos"	2.22044604925031e-16	5.85951892393062	1.16740985090144	1.66812707679844
"FAP__pos"	1.0643829082681	3.19186936912643	0.123353904318707	2.98953715135166
"FBLN5__pos"	1.22357560468109e-11	2.32037080148398	1.71345962052049	4.14834587450111
"FN1__pos"	0.0961035851922872	2.89621884478313	1.14632157914629	3.44461734349351
"FOXA2__pos"	2.22044604925031e-16	6.23951429353518	3.33827288173026	2.22044604925031e-16
"FZD8__pos"	2.22044604925031e-16	5.70851132742069	2.22044604925031e-16	3.16198586228584
"GPR153__pos"	1.9594725303444	3.01742024897135	1.61147381586962	1.18835956925445
"HTRA3__pos"	0.998651800604527	3.59767258680918	2.22044604925031e-16	3.23939971629611
"IRX2__pos"	2.22044604925031e-16	5.44973813255411	2.83796802960221	1.19836586992969
"LOX__pos"	0.960585579504289	2.92728855387074	0.0158866320508242	3.14357111766347
"LUM__pos"	0.239906908204467	3.29484608511441	0.463652940498191	3.99569168244834
"MEIS3__pos"	2.22044604925031e-16	3.36604351199331	0.985148126217986	3.22331144401992
"MFAP2__pos"	0.100984855647698	4.56626445371883	1.22871136724692	2.06733355498616
"MN1__pos"	0.453091424101371	5.14173921857915	0.0352161435061752	3.64990468011788
"MSLN__pos"	2.22044604925031e-16	6.36397236264935	2.46373003106189	0.372186494475742
"MUC5B__pos"	2.22044604925031e-16	6.11413508830639	1.68664517927272	1.57419944709206
"MXRA8__pos"	0.408898657384331	4.05758978274369	0.559113366183332	2.20099254591812
"NDNF__pos"	2.22044604925031e-16	5.40897487464603	0.669238004175199	2.92120868865739
"NID1__pos"	0.964344623793318	2.35780394981261	4.96433233445414	0.285786863530433
"NPAS2__pos"	2.35404829782311	2.70454168962631	2.22044604925031e-16	2.65693294975025
"OVCH2__pos"	2.22044604925031e-16	6.58689125300056	2.81855441571179	2.22044604925031e-16
"PDE1A__pos"	0.748016899753646	2.91672644715649	2.22044604925031e-16	4.21965413868309
"PDPN__pos"	2.22044604925031e-16	4.58629771285548	0.0462102837562373	3.23589135266729
"PLAT__pos"	1.70772097551273	3.41494711732515	2.22044604925031e-16	2.83809010115968
"PTGIS__pos"	0.260227395767139	3.87293148796125	1.2218547854355	2.66885966346838
"RERG__pos"	0.0948350908791335	4.35771360530961	0.0436855228813919	2.93750681073916
"SFRP2__pos"	0.489590662843691	4.23392313652171	2.22044604925031e-16	3.74987762786425
"SFTPA2__pos"	0.354854272690682	4.56173492981795	3.90761508501307	1.02130374120536
"SNAI2__pos"	1.10511719863555	3.11934970351469	0.348509580622873	3.39899747044503
"SOD3__pos"	2.22044604925031e-16	3.59188094931346	2.22044604925031e-16	3.93824598697215
"STEAP2__pos"	0.590484567264309	3.11296654617451	0.343037231464011	2.80154755039729
"STK32A__pos"	2.22044604925031e-16	6.51257691684035	0.990898236368784	1.57043112768508
"TEKT2__pos"	2.22044604925031e-16	6.44658166988866	2.63318218745149	0.130587944470147
"TRIL__pos"	2.22044604925031e-16	4.56000417883292	0.641027452801007	2.53303817494989
"VGLL3__pos"	0.809535365582299	1.22354366892138	2.39827430016422	4.10127574801928
"ZNF503__pos"	2.22044604925031e-16	4.21435066943174	1.06923712676117	2.10222212392797
"ADAMTSL2__pos"	0.946530680170841	5.10047737674378	2.22044604925031e-16	2.13286984150844
"ANTXR1__pos"	2.22044604925031e-16	2.37223685003407	2.34406498733369	3.66362487195606
"BMP3__pos"	2.22044604925031e-16	5.78927860138084	2.76791696108668	0.687906242171043
"BOC__pos"	0.558994427676296	3.48875150606603	0.844511207911795	2.59674162540807
"C1R__pos"	2.22044604925031e-16	4.80644227637371	2.22044604925031e-16	3.06019908091026
"CA12__pos"	1.30881678046971	3.72778815169298	0.159252823142313	3.53939998996914
"CAPN13__pos"	2.22044604925031e-16	6.37515811146508	2.9430614237721	2.22044604925031e-16
"CDH5__pos"	2.22044604925031e-16	4.20027802698317	0.852045011009917	2.43295913700238
"CDR1__pos"	1.41203297255261	3.27232715349766	0.397392863178798	3.55201492541746
"CES1__pos"	2.22044604925031e-16	3.513794988203	1.87958683421183	3.86919351168822
"COL4A1__pos"	0.357858178645766	4.9571777729731	2.22044604925031e-16	2.68896251938696
"COL6A1__pos"	0.766104394669571	4.26213462380956	2.22044604925031e-16	2.60220298228271
"CTHRC1__pos"	2.22044604925031e-16	3.84238858987734	0.477539085806215	2.65924732586694
"DENND5A__pos"	0.671357831443697	2.12039173795842	2.88524141805157	2.67680842532756
"DKK3__pos"	2.17489880911595	3.81900371193241	0.79892741752739	0.969098667352086
"DLG2__pos"	1.55045165121336	3.7351926126241	2.22044604925031e-16	3.25110377315215
"EFNA1__pos"	2.22044604925031e-16	3.88133139054791	1.43454007224054	2.37126544553388
"EPDR1__pos"	2.22044604925031e-16	4.01422762647259	2.22044604925031e-16	3.47306845618153
"FAM198B__pos"	0.326517321374079	2.58275889581317	2.03167360931648	3.58335465957027
"FAT1__pos"	0.345763514343599	3.28007208242032	3.34761768897371	1.26465545829136
"FBLIM1__pos"	0.0723141781378309	2.41349593449739	1.58317744061511	4.13533734488081
"FKBP9__pos"	0.654746705617864	3.36915738327902	0.196096968520051	3.64780699263925
"FNDC1__pos"	2.58168299115279	2.5600401380188	0.493488688943569	3.16954418256903
"FOLR1__pos"	2.22044604925031e-16	6.42332662970442	2.82648507293341	0.0828346342688389
"GFPT2__pos"	3.39976470145275	2.194150195113	1.66727268968679	1.40001754941476
"GPX8__pos"	0.171021200760119	3.70961412139927	0.183349304316737	2.55080787447644
"GRPEL1__pos"	0.216963459824965	4.18483926793578	1.36565861667605	1.78751988857217
"GXYLT2__pos"	2.22044604925031e-16	4.85086001406269	2.22044604925031e-16	3.70318323664932
"HHIP__pos"	1.04314615239231	5.90374641723254	1.33750975870244	0.590081024701356
"KCND3__pos"	0.412519592077619	4.51591404974915	2.22044604925031e-16	2.41005535273249
"KLF5__pos"	0.906346474230916	3.48668293808916	2.22044604925031e-16	4.21181190433292
"LAMA4__pos"	2.22044604925031e-16	3.51666786873936	1.24785811840693	3.50655594957781
"MAOA__pos"	0.628731853240563	5.0514774633381	0.505690594161048	2.59591352379843
"MOXD1__pos"	0.404888615640503	3.61517590863972	1.11792852976053	2.88965590070542
"MRC2__pos"	3.61935869965511	1.38087021457159	2.30527096845819	1.13797850101639
"MSR1__pos"	2.22044604925031e-16	4.19648769964039	0.777929745951957	2.76080838386251
"OLFML2B__pos"	2.22044604925031e-16	3.52377039009947	0.350616568281786	2.70168361978666
"PALM__pos"	2.22044604925031e-16	3.28332344372795	2.02884621464294	2.83798532224306
"PDZRN3__pos"	2.22044604925031e-16	4.1204747644309	1.48827557951828	2.65195305152345
"PI15__pos"	0.783342448630371	4.17951094707226	0.393305115001063	3.03310989330202
"PIFO__pos"	2.22044604925031e-16	5.20013633939371	1.46325584531583	2.03299682448553
"PIGR__pos"	1.3763331844014	5.24185256091423	1.69851947082299	1.20431663343089
"PLAU__pos"	0.960628123598156	2.60524090434596	1.50921554411476	3.16810518182189
"PLS3__pos"	1.54887409115741	2.01051856637256	0.727727020030556	3.72909117298129
"PPIC__pos"	0.146033429597982	3.55094707367768	0.10054174020767	4.63444134175671
"PRR16__pos"	2.22044604925031e-16	3.21243228668325	0.926027882835	4.05343675243058
"RCAN2__pos"	0.526209081616476	5.29362886939053	0.63418136254125	1.0467888496912
"SCGB3A1__pos"	2.22044604925031e-16	5.65987038853521	1.00604486203906	2.55680143780994
"SERPINE1__pos"	1.94106832547495	3.04983038749187	8.8859789859442e-16	3.09413973248243
"SFRP4__pos"	0.299444775006316	4.02839704560179	2.22044604925031e-16	2.86824056212268
"SFTPB__pos"	0.493148959822755	5.49137852788938	1.86516458483918	1.55372447676398
"SGCD__pos"	1.59065546145605	3.26857879644043	2.22044604925031e-16	2.66366332429803
"SGIP1__pos"	2.22044604925031e-16	3.68775184174766	0.332582055004043	2.85142515815094
"SLC6A14__pos"	2.22044604925031e-16	5.53643916072066	4.17351445609828	2.22044604925031e-16
"SOX4__pos"	3.01030110108723	2.05563660425915	2.2568403473564	1.60887711828084
"SRM__pos"	1.20367918137621	3.86846871329239	0.719495696339827	2.14526001709817
"SSC5D__pos"	0.0937432513745883	4.14445985322542	1.04980965658282	1.88218564024125
"TLR3__pos"	2.22044604925031e-16	3.74470324529569	1.04179484566508	3.13322910198937
"TMPRSS2__pos"	2.22044604925031e-16	5.92065255439948	3.24662374185274	0.200229373811272
"TSPAN6__pos"	0.383410802571695	2.95864722167241	2.22044604925031e-16	4.5646343133574
"VCAN__pos"	2.18245523522892	2.89540478265329	1.09446763239573	1.99906950734852
"WNT2__pos"	2.22044604925031e-16	5.15178735325512	2.9996783115863	1.46478304898576
"ADAMTS16__pos"	2.22044604925031e-16	6.57920952007942	2.11541754852426	0.357570566306279
"ALDH1A3__pos"	0.21117881150153	4.91468570501259	2.22044604925031e-16	2.68547263960877
"ANGPTL2__pos"	2.22044604925031e-16	3.26191160948418	0.421599569425845	3.01246809608938
"BPIFA1__pos"	2.22044604925031e-16	6.1565984041284	3.43986443954546	2.22044604925031e-16
"CD248__pos"	2.22044604925031e-16	4.06955453999725	0.587368488315439	3.09903541508862
"CERCAM__pos"	0.0767348197370019	4.01529385436313	0.252693613685032	2.09801669462968
"CILP__pos"	0.633665511439842	3.51296110890877	1.0744228782806	3.45086119192325
"CLIC6__pos"	0.35231096918175	4.21477878844055	0.606171141051325	2.10800714599588
"COL10A1__pos"	1.07119078058062	4.22973486699695	2.12268537099702	1.82354836067604
"COL14A1__pos"	2.22044604925031e-16	3.052045454429	1.1808841049219	3.50092457243439
"COL4A2__pos"	2.22044604925031e-16	4.83705778419171	1.01050222501396	2.88452342591031
"COL6A2__pos"	0.433054162277304	3.9915200530418	2.08903788026354	1.51272403968375
"COL8A1__pos"	0.870024479863521	3.73120925106603	2.1400096562574	1.27581077857244
"DCN__pos"	0.000431727481612089	3.90629716850117	0.286847468606879	4.23113514653976
"FAM13A__pos"	0.867508384592191	3.48430467854666	1.04414085209579	1.87370265862405
"FBN1__pos"	0.600080044057416	3.6244480483053	2.22044604925031e-16	3.50690764889809
"FHAD1__pos"	0.669498645909641	4.08792486313159	0.70919682444606	2.66579084417279
"FIBIN__pos"	0.668796662336216	4.12614019428546	0.320537762940205	2.53340067540766
"FMO1__pos"	0.41002369442759	5.32043385938875	0.984203385234654	2.27865933519326
"FZD1__pos"	0.894073504819303	3.57922464531028	2.22044604925031e-16	3.2772511733367
"GPC4__pos"	0.0968101140470673	3.55831284934673	0.193954934399804	2.80643585078857
"HSD17B14__pos"	2.22044604925031e-16	6.0060878503935	0.416665362321628	1.16472552422434
"IL1R1__pos"	0.539636075429574	2.09345401693765	0.202458927207337	5.48635949639738
"ITGBL1__pos"	0.589575975682087	4.55281111496291	2.22044604925031e-16	3.38142840960378
"LGALS3BP__pos"	0.25805853443269	3.16748811066963	3.52465341753844	1.58926489576494
"LRP1__pos"	2.0668695321089	3.54460553062294	0.175217366266386	2.191204945323
"MDK__pos"	0.000576599368849304	3.62448466424733	1.65753028152456	3.05438783053742
"MEDAG__pos"	2.22044604925031e-16	4.47474144627314	0.28085047192907	2.86798627350201
"MGP__pos"	0.86215081612637	3.87736125343497	2.22044604925031e-16	4.16263209097816
"MMP2__pos"	2.22044604925031e-16	4.22441789345318	0.541759078235919	3.594329587043
"MOCS1__pos"	0.774506974314195	3.60505381369215	2.74342735751942	0.618204634751406
"MSC__pos"	0.0494281739603954	3.78192982090808	0.384476459069759	2.51152205127164
"MSMB__pos"	2.22044604925031e-16	6.16050370145163	3.46656865255883	2.22044604925031e-16
"OLFML3__pos"	2.22044604925031e-16	3.01160024793266	2.22044604925031e-16	4.81745694923713
"PLVAP__pos"	2.22044604925031e-16	5.35905693300908	2.22044604925031e-16	2.2738518426495
"PODN__pos"	0.0670732156381621	4.55919191832901	2.22044604925031e-16	2.47915453071388
"PRSS23__pos"	2.22044604925031e-16	4.78680258647298	0.481665177557229	2.73789892685832
"PTPRG__pos"	1.37311475380181	3.54428262847735	0.0604711544299336	3.41252994052581
"PXDN__pos"	0.310805545732912	3.62035304600085	0.664952733357665	3.25526773067812
"S100A16__pos"	0.823921950851012	4.69601485748687	0.000217238882364712	2.94849302234776
"SERPINH1__pos"	2.22044604925031e-16	3.74972208989383	2.25424893387896	2.71396650647688
"SFTPC__pos"	2.22044604925031e-16	5.01053409540056	4.10134235023862	0.605223931458524
"SH3PXD2A__pos"	1.90887965582048	1.94325352125998	3.23892208230633	1.13090303726189
"SMARCA1__pos"	0.459749727224366	3.20532792537317	0.404611820183399	3.51069383496266
"SPATS1__pos"	2.22044604925031e-16	6.43289273732329	2.89876603819728	2.22044604925031e-16
"SUSD2__pos"	2.22044604925031e-16	4.31482964098098	1.30796768537762	2.19872089860401
"TCEAL7__pos"	2.22044604925031e-16	5.34447989304347	1.43038742605701	1.97447728983211
"THY1__pos"	0.663266094152356	3.41551668389221	0.304631636198737	2.8565481174124
"TIMP2__pos"	0.825667992440504	5.00875025313157	2.22044604925031e-16	1.67198564863387
"TM6SF2__pos"	2.22044604925031e-16	6.25679890674988	2.5687657129826	0.486115925850914
"TMEM119__pos"	2.22044604925031e-16	4.64659932849745	0.005282421561159	2.83404499531216
"TMEM39B__pos"	1.22510882304837	5.63545711574483	0.698870320951386	0.512331771175249
"WISP1__pos"	1.0833586827108	3.02043635410615	0.441045472211461	3.56359519169261
"ZBBX__pos"	2.22044604925031e-16	6.20629772769525	3.24856440130742	2.22044604925031e-16
"AGR2__neg"	2.22044604925031e-16	2.22044604925031e-16	5.11935989849703	5.46451797485171
"ASPN__neg"	0.349851974206381	2.22044604925031e-16	8.55913715458251	2.22044604925031e-16
"C1orf53__neg"	2.22044604925031e-16	2.22044604925031e-16	5.45833676792937	5.11303489447821
"C1S__neg"	2.00655242697525	3.66751682420387	0.963401016156306	1.80238299098973
"CADPS2__neg"	0.747916959009938	2.47172624531003	1.22076286762097	3.69899298445311
"CATSPERD__neg"	2.22044604925031e-16	2.22044604925031e-16	6.01693707610615	4.83865521812322
"CCDC173__neg"	2.22044604925031e-16	2.22044604925031e-16	6.1392978263495	4.42408635810765
"CCDC8__neg"	3.23344347388341	2.22044604925031e-16	5.67503145730013	0.557241279866507
"CFAP43__neg"	2.5739516024634	0.713697860793149	5.19688498219037	1.40255918390154
"CHRDL1__neg"	4.18687258684885	1.11130167858861	4.52665906690392	0.116015812531685
"CLEC14A__neg"	4.65063464622308	0.308921934015495	5.18346925894002	2.22044604925031e-16
"COL1A1__neg"	2.85513697792456	2.22044604925031e-16	6.78895453876719	2.22044604925031e-16
"COL5A1__neg"	5.53665817414457	2.22044604925031e-16	3.49361710285953	0.0600131537354967
"COL6A3__neg"	0.727213617931573	4.48077452315924	2.48186471004198	0.501805019424602
"COL8A2__neg"	4.90725109717663	0.219508719832659	2.7748793463395	1.01625519751226
"CPXM1__neg"	1.92076520620602	0.244642535677054	7.24734581236202	3.20891609369325e-07
"CXCL17__neg"	2.22044604925031e-16	2.22044604925031e-16	5.58790084197631	5.02623319905664
"CYP1B1__neg"	2.49427403659251	2.98021356112361	2.64662100053214	1.22897921273355
"DYDC1__neg"	2.22044604925031e-16	2.22044604925031e-16	5.17144188573419	5.5365915441775
"ELN__neg"	3.14704106925797	0.0390497835318653	5.20522343334212	0.739481137060395
"FBLN1__neg"	4.21799740495654	8.57471960466942e-13	4.07798791482454	1.198727508607
"FLRT3__neg"	2.22044604925031e-16	2.22044604925031e-16	7.26257246552615	3.68143645405564
"FSTL1__neg"	2.79354643055828	2.68121566497139	1.86235291838455	0.531303619517073
"IRX5__neg"	2.22044604925031e-16	2.22044604925031e-16	4.81274559025356	5.75424545601919
"ISLR__neg"	3.02170266916421	0.298476610246939	5.15414344314518	0.110172144329371
"KIAA1211L__neg"	1.99433557452002	0.513990423135529	6.96645903433187	0.0745643948744839
"LAMB1__neg"	2.56266082459973	2.71233318634472	2.84181555755619	1.38211988570534
"LRRC15__neg"	4.23814865250176	0.812878548013871	3.30568828765848	1.02165614869348
"LTBP2__neg"	4.01041704339344	0.159600320842949	4.50132443449058	0.500539030388565
"MMP7__neg"	3.78478855675944	0.0495181413037421	4.26029768002194	1.83373033423507
"MXRA5__neg"	3.08196678782016	1.80020194972859	4.67424228043673	2.22044604925031e-16
"MYO10__neg"	1.37008276099376	2.97959349965731	2.56926223951858	1.28422983806371
"PARVA__neg"	1.08395263615404	3.08832307918863	0.993762460157284	3.00156906121808
"PCDH18__neg"	4.79890494140726	0.626662966413829	3.34430016517995	0.431143359458678
"PDGFRA__neg"	2.9682451013965	2.03757930292079	3.80123873625022	2.22044604925031e-16
"PHLDB1__neg"	1.48197585587089	3.70742913816035	0.176729159744509	2.66608659925332
"POSTN__neg"	5.20112933613919	1.28847542831931	3.39776163506774	2.22044604925031e-16
"PRELP__neg"	5.49274354149264	2.22044604925031e-16	5.01198287249082	2.22044604925031e-16
"RGS11__neg"	2.1536134185211	2.22044604925031e-16	7.37127865701631	2.22044604925031e-16
"RHOD__neg"	2.22044604925031e-16	2.22044604925031e-16	7.92899318343418	2.3057910578585
"RNASE1__neg"	5.02816852822588	0.80721593095852	4.05734170943982	0.300838331160027
"ROS1__neg"	2.22044604925031e-16	2.22044604925031e-16	5.49201716933108	5.20152650827
"SEMA3C__neg"	2.53239162208355	2.22044604925031e-16	5.7964205618588	2.22044604925031e-16
"SFTA3__neg"	2.22044604925031e-16	0.119504352123934	4.21712551558234	6.20238873772525
"SFTPD__neg"	2.22044604925031e-16	2.22044604925031e-16	4.82482562330448	5.84438614106122
"SLPI__neg"	2.22044604925031e-16	0.374959964799292	6.47239455640761	3.95262304359038
"SPARC__neg"	0.118039428044907	2.76459078829344	2.65322143761033	2.10333785880163
"SULF1__neg"	3.27700380904986	0.339021832888676	3.59704342531458	2.02225968521952
"TGFB3__neg"	4.28060082793856	0.497046143124692	3.66530255496174	1.47594438657541
"TIMP3__neg"	3.48337727237104	0.679365594551374	4.7634429749159	2.22044604925031e-16
"TSPYL5__neg"	2.35226929921671	2.8870997741752	1.45180188088915	1.48324809965843
"UNC5B__neg"	1.37396280968747	3.9506131188799	0.782753598351125	1.7396971272106
"WISP2__neg"	0.00206788408481473	2.22044604925031e-16	7.16284526849865	2.80033137449065
"ZNF768__neg"	3.2970975244772	0.859360688152511	2.61941956506708	2.10396161423351
"ABI3BP__neg"	4.91967081497624	2.22044604925031e-16	4.18414561463005	0.570662690772211
"AQP4__neg"	3.04946297080559	0.434778691410074	6.02757344961884	1.34962633176567
"AVPI1__neg"	2.22044604925031e-16	2.22044604925031e-16	8.97826896435719	0.615169450745953
"BBS5__neg"	2.02221274330972	2.58556927548926	3.18212866158906	1.11573270222365
"BHLHE22__neg"	2.66348545128861	1.68147082956495	2.3828417135674	2.3043481236869
"C16orf89__neg"	2.22044604925031e-16	2.22044604925031e-16	6.66224045320353	3.8855255382742
"C3__neg"	3.65731731215838	1.38229736837178	4.7789273050763	2.22044604925031e-16
"CCDC80__neg"	3.88656610492272	0.206548728467156	4.94497225339562	2.22044604925031e-16
"CMTM4__neg"	1.58360721401103	3.23032738137185	1.22955283758247	1.94432638640557
"COL16A1__neg"	2.47520350542563	2.57074663299557	0.107587880644788	3.14575886334974
"COL1A2__neg"	3.07563320101058	0.717373685531847	4.77978113368237	0.468841810463274
"COL5A2__neg"	3.24951689440489	1.20413905336306	3.39141225205892	0.884041751457426
"COL6A5__neg"	3.58863153598749e-05	1.65588236917488	6.55705084804479	2.17972171343709
"CTSK__neg"	4.23395594513114	1.4793441502871	3.33288212284148	0.167722576408815
"DPYSL3__neg"	2.71638957319985	1.35746725347969	4.01494323385418	0.594690217304652
"DYDC2__neg"	0.541862808631658	2.22044604925031e-16	7.92417469867076	1.9984182372096
"EDIL3__neg"	5.55934256903974	0.763232054732372	4.2825141059517	2.22044604925031e-16
"EGFL6__neg"	2.22044604925031e-16	0.0838674228873433	6.67303052368249	3.73228262721598
"EHD2__neg"	1.89321219958555	2.17948065956005	3.63485706818578	0.831477429444391
"FAM180A__neg"	2.22044604925031e-16	2.22044604925031e-16	6.52957848703513	4.13024020289662
"FBLN2__neg"	3.84760522602364	0.533598478131698	4.03831465911178	2.22044604925031e-16
"FKBP7__neg"	2.79099271417433	0.943281717783797	4.30663547275828	0.807689500378348
"FZD7__neg"	6.79469234420543	2.22044604925031e-16	2.71330797181168	2.22044604925031e-16
"GATA6__neg"	2.41312584227869	1.84510987460791	5.57879730521726	2.22044604925031e-16
"GPC6__neg"	2.71516134514077	0.0349103270950487	5.97786624458245	2.22044604925031e-16
"HMCN1__neg"	4.23870429862329	0.870593403060247	4.85989046761672	2.22044604925031e-16
"IGFBP4__neg"	4.15287382878414	1.65777383393355	3.54667524267862	2.22044604925031e-16
"INHBA__neg"	3.37853098892108	0.53590067040075	4.90318715274475	2.22044604925031e-16
"ITGB6__neg"	2.22044604925031e-16	2.22044604925031e-16	6.38897084134617	4.26496111811466
"JCHAIN__neg"	2.6562394733961	2.16647373979759	3.77053058522811	0.748762152163535
"KCNK3__neg"	2.22044604925031e-16	2.22044604925031e-16	7.46708218025605	3.41989479440693
"LAMB2__neg"	2.60267282964045	2.75673987550059	2.4669869491209	0.263298341359834
"LDLRAD1__neg"	2.22044604925031e-16	2.22044604925031e-16	5.5811363514023	4.78937061830371
"LMO3__neg"	0.259407453759244	2.22044604925031e-16	7.21559632145969	2.92287082137383
"MALL__neg"	4.57202661147307	1.05054139610608	3.38579312859059	0.0879227665432233
"MGST1__neg"	2.43879664882747	0.0713986429902845	6.35365872608268	0.542971307058417
"MINOS1.NBL1__neg"	2.30689840837712	1.12739690023043	4.89859815518145	0.733200212810358
"MYH6__neg"	0.707135887690971	2.22044604925031e-16	4.79873779926065	4.04316111636207
"NFIX__neg"	3.30626380170367	1.21170139088505	3.58691539724033	0.951030639825764
"NRK__neg"	0.13209844632858	2.22044604925031e-16	6.12456550046273	3.90915980398805
"PIEZO2__neg"	4.27588514198454	0.360650779103749	3.79405251114218	1.32380108678133
"PLEKHS1__neg"	2.22044604925031e-16	2.22044604925031e-16	6.67344549317139	4.00288387470864
"PON3__neg"	1.46818319053808	2.22044604925031e-16	6.97437566508982	1.82074599391494
"PTPRD__neg"	2.88947295122967	1.56936780506497	5.34809460255576	0.224945672650434
"RGS22__neg"	1.06481087938326	2.22044604925031e-16	7.9262961615631	1.2860999583645
"ROR2__neg"	1.558637022852	0.109454389551473	7.42115854351171	2.22044604925031e-16
"SERPINF1__neg"	6.16078187176788	0.436850618842042	3.29129738326576	0.000111384124843136
"SFTPA1__neg"	0.385279806095373	0.939062602929856	5.41134705548295	3.8852793233314
"SH3D19__neg"	3.91890177950267	1.43817788034524	3.58154268054948	1.23391973535557
"SLC34A2__neg"	2.22044604925031e-16	2.22044604925031e-16	5.48946308093819	5.0867415763786
"SPON1__neg"	2.97227098239497	2.22044604925031e-16	5.11537683749307	0.433915577425516
"SRPX2__neg"	2.74401568639266	1.70824664951703	4.32825656916089	2.22044604925031e-16
"TACC2__neg"	6.53490367549384	0.0145083377197411	2.23996524584666	0.706623417977433
"TBX5__neg"	0.412721731469536	2.22044604925031e-16	6.87242733824386	2.75773933721798
"THBS2__neg"	4.0095549765036	0.418882107760776	5.05148833503933	2.22044604925031e-16
"TMEM190__neg"	2.22044604925031e-16	0.0232683763463682	4.94194434591415	5.71833000103841
"TNFSF13__neg"	2.22176081040447	1.78132331968549	5.08273950414765	2.22044604925031e-16
"VLDLR__neg"	5.08569911138113	2.22044604925031e-16	3.5717972363775	0.183282714038338
"WIPF3__neg"	2.43020524138007	1.19754643893566	3.02541453380586	1.59713874986749
"A2M__neg"	0.496154563776783	2.45217307596918	4.18336698538946	1.13159275140075
"ADAMTS5__neg"	6.99976225540101	2.22044604925031e-16	1.44233484254079	2.22044604925031e-16
"AEBP1__neg"	2.31302230482312	1.12885646418569	4.78665361376478	0.735250461982992
"ANO1__neg"	4.87481777773738	0.9301404879642	4.24986368413384	2.22044604925031e-16
"ARFGEF3__neg"	3.77520417758189	1.99908046567857e-15	2.70838702107316	1.45075072323312
"BGN__neg"	4.79449855705011	2.22044604925031e-16	5.03390267622601	2.22044604925031e-16
"BPIFB1__neg"	6.20431742644552	2.22044604925031e-16	2.22044604925031e-16	4.53663875424739
"C10orf107__neg"	5.49706752248971	2.22044604925031e-16	2.22044604925031e-16	5.26537226983835
"C1QTNF5__neg"	6.22494172005967	2.22044604925031e-16	4.21454506251159	2.22044604925031e-16
"CDH11__neg"	0.458089021848156	3.66627428293768	2.04930080541709	1.93001512927055
"COL3A1__neg"	4.48352620731532	0.510789081467829	5.05137664412451	2.22044604925031e-16
"COMP__neg"	8.14785390138788	2.22044604925031e-16	1.57695235777617	0.801750157704642
"CTSE__neg"	6.39469637202877	2.53507812458334e-09	2.22044604925031e-16	4.32043502043652
"CYP7B1__neg"	5.83554355501083	0.467962497514337	2.26077108735772	0.651809480981245
"DIO2__neg"	5.21320616978169	2.22044604925031e-16	4.042788893803	0.557112299655706
"DKK2__neg"	5.46555970025046	0.481650900309281	2.96566821211159	0.55091012829883
"ENAH__neg"	0.902620323223638	2.6215377837322	1.08083204651735	3.36954189280899
"EPCAM__neg"	7.73879457038839	2.22044604925031e-16	2.22044604925031e-16	2.56495139174272
"FAP__neg"	4.70672221616874	2.22044604925031e-16	3.99497596159487	2.22044604925031e-16
"FBLN5__neg"	2.36586133308518	2.08948484215406	3.60831997528702	0.632171985109458
"FN1__neg"	3.55038563954432	1.83065993938152	1.79252153340543	1.02628016430775
"FOXA2__neg"	4.67656373990019	2.22044604925031e-16	2.22044604925031e-16	5.98085988916512
"FZD8__neg"	3.13244231425379	1.65180532014242	5.62222156583363	0.0738382209313393
"GPR153__neg"	2.23233754780681	1.36452572389318	2.30829483292247	2.23348430743076
"HTRA3__neg"	6.27033802912382	2.22044604925031e-16	2.96347282358834	0.0708273998335906
"IRX2__neg"	6.73073017516867	0.473803948746341	2.22044604925031e-16	3.4523840459021
"LOX__neg"	5.49439671566781	1.71811955420261e-12	2.7489258591754	0.063164362179899
"LUM__neg"	4.30707413184154	1.17168826834284	3.65336064236331	2.22044604925031e-16
"MEIS3__neg"	6.72162830645855	0.0658330601553346	1.71427013780539	0.398465417936068
"MFAP2__neg"	6.55981290055809	2.22044604925031e-16	0.441324835768916	2.27697099358043
"MN1__neg"	4.55097007165989	1.19299189407818	4.72500823223484	0.403120168879018
"MSLN__neg"	6.99965115818091	0.0593998516725815	2.22044604925031e-16	3.58664012601076
"MUC5B__neg"	4.46906179135881	0.575130747526151	1.94612130600919	3.74932135060653
"MXRA8__neg"	5.00608729712119	0.143102535638657	3.52007325643401	2.22044604925031e-16
"NDNF__neg"	7.35667773278804	0.0374522869117357	1.29094242720314	2.01283882302331
"NID1__neg"	0.395248660622569	3.47254659269366	0.00691595123560282	3.89413691862641
"NPAS2__neg"	1.45513801491747	2.10181390238497	3.08804967379295	1.41917105144574
"OVCH2__neg"	5.37163959217696	2.22044604925031e-16	2.22044604925031e-16	5.30264904183821
"PDE1A__neg"	6.1197080750877	0.0533144870236917	2.58001444295385	0.455317710917681
"PDPN__neg"	3.67341342364045	2.10632488916155	1.3548912092256	1.66610098321138
"PLAT__neg"	2.1901971041136	1.10780503335569	4.45522648017428	1.12509045028886
"PTGIS__neg"	6.39935774543657	2.22044604925031e-16	2.97590769287962	0.115500567972626
"RERG__neg"	4.49715791887834	1.34896389850697	2.85356602524035	2.22044604925031e-16
"SFRP2__neg"	6.01080626300881	0.674735231285206	3.05004156193028	0.238282040407017
"SFTPA2__neg"	6.07441408229787	0.46830813619479	2.22044604925031e-16	4.10483903731869
"SNAI2__neg"	3.0322123264699	1.58302611582471	4.25231342172924	2.22044604925031e-16
"SOD3__neg"	4.91824240042801	1.05131174236457	2.81226580812321	2.22044604925031e-16
"STEAP2__neg"	5.88158120795966	2.22044604925031e-16	2.24095670545215	2.22044604925031e-16
"STK32A__neg"	4.85779321630962	0.062796819635281	3.09804186680837	2.81419885056481
"TEKT2__neg"	6.67404289202725	2.22044604925031e-16	2.22044604925031e-16	3.94839521717453
"TRIL__neg"	5.74931102699372	2.22044604925031e-16	2.22329493916899	1.27028655537608
"VGLL3__neg"	3.71831231410605	3.32548674171285	0.73116795771044	0.565541223277986
"ZNF503__neg"	8.04090303529423	2.22044604925031e-16	0.395323366645031	0.397904960118033
"ADAMTSL2__neg"	4.34647553140977	0.16196172875914	4.87719424808576	0.481887969147189
"ANTXR1__neg"	3.83554159553695	2.57480973402992	2.36274837500049	2.22044604925031e-16
"BMP3__neg"	5.88179936094125	2.22044604925031e-16	2.22044604925031e-16	4.57266630586803
"BOC__neg"	3.11501339809458	1.56978504058468	1.38888323471962	2.05129229120025
"C1R__neg"	4.23835266558342	2.22044604925031e-16	5.45455336403255	2.22044604925031e-16
"CA12__neg"	5.53374501998832	9.60659070375288e-14	4.74589064923084	0.0162132686190467
"CAPN13__neg"	5.84512038337853	2.22044604925031e-16	2.22044604925031e-16	4.74744182155526
"CDH5__neg"	4.4371285672515	1.10372036415445	2.10611269110753	0.942223651457466
"CDR1__neg"	3.10451135332589	1.70281592957402	4.75335782793557	2.22044604925031e-16
"CES1__neg"	4.23881933958768	1.64471772047952	3.68093668258437	0.656379419829014
"COL4A1__neg"	4.09639974679622	2.22044604925031e-16	5.73403593604332	2.22044604925031e-16
"COL6A1__neg"	1.79293018688519	1.72130897797367	5.2169667395615	2.22044604925031e-16
"CTHRC1__neg"	7.55605599814841	2.22044604925031e-16	0.886208700663503	2.22044604925031e-16
"DENND5A__neg"	1.87005793200001	4.85599330715848	1.14234569475772	2.22044604925031e-16
"DKK3__neg"	0.52966517009518	2.51151323997295	1.81351863660854	3.04220911270261
"DLG2__neg"	3.12581309546545	0.368225751648516	5.21169391815887	1.11727012041811
"EFNA1__neg"	6.18191638938814	0.121692344724253	2.60250596355523	0.16785299206132
"EPDR1__neg"	4.03320246739895	2.06178535160084	2.20105109935818	0.185658878903093
"FAM198B__neg"	3.48537515288306	3.35012138937736	1.90480615346778	2.22044604925031e-16
"FAT1__neg"	1.56083640735925	3.17672238148379	1.07791590418659	2.31052573448004
"FBLIM1__neg"	3.23017257152316	2.66645028938928	0.651954075452983	1.85727985040785
"FKBP9__neg"	3.60854384335489	0.843491517122556	4.41173749270279	0.19907375807761
"FNDC1__neg"	1.92960322666865	3.36356596070166	3.68525377004154	7.88417092428308e-09
"FOLR1__neg"	5.9940601790138	2.22044604925031e-16	2.22044604925031e-16	4.65007343904572
"GFPT2__neg"	2.22044604925031e-16	3.05725277796851	2.04926343107519	3.09337382388039
"GPX8__neg"	6.08894493800345	2.22044604925031e-16	1.94434820326771	2.22044604925031e-16
"GRPEL1__neg"	3.44218413649418	0.761132073994606	2.68343853571368	1.6959789908261
"GXYLT2__neg"	6.58318520483804	0.444382067540638	3.30173525649998	2.22044604925031e-16
"HHIP__neg"	5.00167722885121	2.22044604925031e-16	0.234143834392071	4.84568442509072
"KCND3__neg"	5.37489369278974	0.360108089458446	2.73659333187301	0.360616686297452
"KLF5__neg"	3.45105512532123	1.08236084660072	5.331557439597	2.22044604925031e-16
"LAMA4__neg"	5.11866239209114	1.03682862207756	3.29153629796834	2.22044604925031e-16
"MAOA__neg"	5.61320196964263	0.125935741629844	4.84008526327182	2.22044604925031e-16
"MOXD1__neg"	4.85136919563295	1.44722223885241	2.73437213387094	2.22044604925031e-16
"MRC2__neg"	0.662979323687606	3.01356569384024	1.32593877960894	2.75445508186278
"MSR1__neg"	5.52243503151504	0.113540083912404	3.55973811503358	0.0889522647482765
"OLFML2B__neg"	4.23542671106881	2.22044604925031e-16	3.73254090296228	2.22044604925031e-16
"PALM__neg"	5.56793240973938	2.22044604925031e-16	3.2813001711095	0.557445191835828
"PDZRN3__neg"	4.95912750268803	1.27621045167673	3.20112886948296	2.22044604925031e-16
"PI15__neg"	4.81392791204407	0.445705792947923	4.6293796905114	2.22044604925031e-16
"PIFO__neg"	5.08533067171957	0.999646286460331	1.36528251510088	2.43361881112583
"PIGR__neg"	3.15537298183469	1.08353763636288	3.01295281873124	3.2492967511323
"PLAU__neg"	3.55325482413774	2.17765990728483	3.03873182859907	2.22044604925031e-16
"PLS3__neg"	3.45991411904188	1.82645985566595	3.25975083220725	2.22044604925031e-16
"PPIC__neg"	5.9890306526131	2.22044604925031e-16	4.08521968213476	2.22044604925031e-16
"PRR16__neg"	7.42165596091238	2.22044604925031e-16	2.01473561052755	0.186256684123652
"RCAN2__neg"	2.64679930745463	1.10706676915598	2.31519914146827	2.49598029503992
"SCGB3A1__neg"	4.55910191936463	0.982321648657795	2.24146953676987	2.79567482279595
"SERPINE1__neg"	0.423703638966566	3.53277058995216	3.61144282880061	0.692771887815633
"SFRP4__neg"	5.80606844644661	2.22044604925031e-16	2.94862886394387	2.22044604925031e-16
"SFTPB__neg"	5.48745908727169	0.000259139847593433	2.48526855933278	2.88711247607976
"SGCD__neg"	4.62830071567036	0.169084877959879	3.99128125944734	2.22044604925031e-16
"SGIP1__neg"	5.90637346047615	2.22044604925031e-16	2.41648863280402	2.22044604925031e-16
"SLC6A14__neg"	6.50178735025972	2.22044604925031e-16	2.22044604925031e-16	4.28529639295064
"SOX4__neg"	0.480471589923967	3.2140834153638	2.41282681691534	2.38764115409718
"SRM__neg"	2.46761792715412	1.74117837962814	3.06494653970301	1.39623351621903
"SSC5D__neg"	4.63993732227248	2.22044604925031e-16	3.6067898663354	0.348999899075553
"TLR3__neg"	4.60968218218028	0.26851595311414	4.47302594401423	2.22044604925031e-16
"TMPRSS2__neg"	6.67787784004826	2.22044604925031e-16	2.22044604925031e-16	3.95139942877237
"TSPAN6__neg"	5.6382838510921	0.129790449795587	3.55702385289595	2.22044604925031e-16
"VCAN__neg"	2.22044604925031e-16	3.85190708072164	2.22629000385214	1.83793959092218
"WNT2__neg"	6.25391719458089	0.169968963743404	2.22044604925031e-16	4.29303130395739
"ADAMTS16__neg"	6.25788467682206	2.22044604925031e-16	2.22044604925031e-16	4.24046748556644
"ALDH1A3__neg"	5.63698305841025	2.22044604925031e-16	3.55634371997333	0.372671931229402
"ANGPTL2__neg"	6.63366548801966	2.22044604925031e-16	1.40137987563026	2.22044604925031e-16
"BPIFA1__neg"	5.00050148851518	2.22044604925031e-16	2.22044604925031e-16	5.68690010629672
"CD248__neg"	6.07959761004429	0.536152597704154	1.38443772597115	1.05417703028952
"CERCAM__neg"	7.29298266685462	2.22044604925031e-16	0.594037276422992	2.22044604925031e-16
"CILP__neg"	5.5525395831345	1.29937166028037	2.82949968624589	0.0706901456665801
"CLIC6__neg"	5.89379247725785	2.22044604925031e-16	2.36890848997188	0.472767512038119
"COL10A1__neg"	3.88640425886173	1.8114904966686	0.418958752479176	3.61180124697619
"COL14A1__neg"	4.52196038596363	1.58874169159933	2.47733843111095	0.0152936641861785
"COL4A2__neg"	5.82796467391545	0.0256084070083437	4.67403728667954	2.22044604925031e-16
"COL6A2__neg"	1.35536627399936	3.48225741829712	1.72343407682511	1.60212777435287
"COL8A1__neg"	1.34500402058484	3.48492288299795	0.917009580734048	2.21895515521804
"DCN__neg"	5.80555473389498	0.14936001861397	4.12205681600069	2.22044604925031e-16
"FAM13A__neg"	1.47824678989199	2.0773447911367	2.95519115684927	1.26039881388132
"FBN1__neg"	4.35997958449515	1.36805416198668	2.97341711850653	0.129579947103193
"FHAD1__neg"	3.9838789918551	1.22608445642995	2.74285526334457	1.21408979720194
"FIBIN__neg"	5.00777636390899	2.22044604925031e-16	4.19254739735093	2.22044604925031e-16
"FMO1__neg"	6.77079401775644	2.22044604925031e-16	0.368637220033139	3.29252340882617
"FZD1__neg"	4.09201591421748	0.692525216621018	4.24640536736807	2.24582064199584e-09
"GPC4__neg"	6.06746371870338	2.22044604925031e-16	1.99379140244426	2.22044604925031e-16
"HSD17B14__neg"	4.84511619862744	0.271513472321226	2.52982509277434	1.59036866269167
"IL1R1__neg"	2.45854699341954	2.39822903911852	4.07605212929126	2.22044604925031e-16
"ITGBL1__neg"	4.8141981517619	2.22044604925031e-16	3.8463495830354	1.4641360017304
"LGALS3BP__neg"	0.859127976883911	3.9913261523145	1.14598014437668	2.20968647013609
"LRP1__neg"	1.2163377355538	2.46968266142177	3.28092758081135	1.43883880907218
"MDK__neg"	4.73297126938867	2.24452686869163	1.64510507691045	0.443522118855812
"MEDAG__neg"	8.98672840851909	2.22044604925031e-16	0.30981587330281	2.22044604925031e-16
"MGP__neg"	4.1981259645094	0.607140338660461	5.60766760310574	2.22044604925031e-16
"MMP2__neg"	6.31160187594203	3.46866962016381e-10	3.62476136847864	0.116616903074281
"MOCS1__neg"	3.51815816508086	2.0732771261096	2.06664115237444	0.54010022548329
"MSC__neg"	4.8361693682331	0.272141224977557	2.90258164783193	0.0673528278490496
"MSMB__neg"	5.02103840671542	2.22044604925031e-16	2.22044604925031e-16	5.69674951735887
"OLFML3__neg"	5.60008470238513	0.472340803220713	3.11838590536705	2.22044604925031e-16
"PLVAP__neg"	5.24606343245257	0.135335163773686	4.09557065339731	2.22044604925031e-16
"PODN__neg"	4.7567441975103	2.22044604925031e-16	3.93882781067267	0.0734905685116116
"PRSS23__neg"	4.43186338620499	2.22044604925031e-16	4.64084520946834	0.628981569460305
"PTPRG__neg"	2.232805203653	2.80019832098024	4.02156713581612	2.22044604925031e-16
"PXDN__neg"	5.82445832670838	2.22044604925031e-16	3.51255131710586	2.22044604925031e-16
"S100A16__neg"	4.44517335107295	0.522848958171596	4.81640797285963	0.272658996421324
"SERPINH1__neg"	2.55062215750482	3.58901258386589	1.43452431981903	1.35434139091528
"SFTPC__neg"	5.97330447407882	0.507820447543561	2.22044604925031e-16	4.10592601685952
"SH3PXD2A__neg"	2.3121403585121	4.11221554491098	0.178017789311503	0.981113316610731
"SMARCA1__neg"	6.08163848168804	0.0137944587781439	2.63741385144036	0.208962393069849
"SPATS1__neg"	5.0278743480164	2.22044604925031e-16	2.22044604925031e-16	5.50213307581451
"SUSD2__neg"	4.62209462564226	1.25018285789932	0.984713067207257	1.9021994231788
"TCEAL7__neg"	6.45650528146747	2.22044604925031e-16	1.0191942854997	2.75001465308463
"THY1__neg"	3.61553782574092	2.22044604925031e-16	5.0113343660857	2.22044604925031e-16
"TIMP2__neg"	1.57038749992884	1.60023190345532	3.11314568209014	2.18209383561187
"TM6SF2__neg"	5.67948690234641	2.22044604925031e-16	2.22044604925031e-16	4.91342170273553
"TMEM119__neg"	3.53538059482937	1.06733471925669	2.79188034359113	1.34609510523061
"TMEM39B__neg"	1.49701368809872	0.464489290412453	4.15315558821565	3.17216708938367
"WISP1__neg"	4.02953713240189	1.49379016832928	3.49318141865217	2.22044604925031e-16
"ZBBX__neg"	5.88136686215949	1.05325442489302e-05	2.22044604925031e-16	4.79091032957898
