"IS01"	"IS02"	"IS03"
"ABCA7__pos"	2.22044604925031e-16	5.29719151697304	8.81241555200878
"ABCF3__pos"	0.415655779136597	4.74199888729578	9.2109593454689
"ACO2__pos"	0.34733250947081	5.60926068618186	6.5999042453881
"AICDA__pos"	1.47201805576609	3.50276227385828	10.0839792172867
"BIRC7__pos"	0.196719188855068	3.69364341651217	9.562446135694
"C19orf60__pos"	2.22044604925031e-16	5.40226794543871	7.90112698413767
"C1orf185__pos"	4.12840528668762	2.22044604925031e-16	12.1720568777859
"C2CD4C__pos"	2.22044604925031e-16	4.89818751076431	8.96426458416578
"C2orf66__pos"	4.90438571843073	2.22044604925031e-16	11.2400891806494
"C6orf62__pos"	5.60847703281491	4.52085515781505	4.20492007888806
"CA1__pos"	6.85998666382803	1.3802141392126e-12	9.51614999733631
"CCHCR1__pos"	1.97006397433472e-12	3.56749003908103	6.44480232491511
"CD58__pos"	2.66655145481079	4.91555767860111	5.37575400858177
"CDC23__pos"	0.714155104628901	6.58582831027888	6.58845896296295
"CDC42__pos"	8.87663912042488	4.30476849090315	1.712777283853
"CEP41__pos"	0.823522151322373	4.48849809337316	6.90965693644928
"CFAP161__pos"	3.42759546798302	4.28134539576977	7.25760213686979
"CIB1__pos"	1.57107887677171e-06	3.94076508082366	8.57930307279797
"CNNM4__pos"	1.8963336642834e-13	2.99646227197284	9.9655921838837
"DDAH2__pos"	2.22044604925031e-16	3.13951111174124	10.8772682035756
"DLGAP4__pos"	0.898511434856853	5.4517120178492	8.36504153903059
"EID2__pos"	0.669401903804577	3.85633015765999	7.08315666754869
"ENGASE__pos"	1.89005284700386	4.1383777928455	8.75381417976873
"EPOR__pos"	0.915039224191087	4.75276254666601	8.55680130879815
"FAM98C__pos"	2.22044604925031e-16	4.9419625917873	9.09482783126585
"FBXL6__pos"	0.00115947017738233	5.6352750363941	8.93246620276411
"FBXO21__pos"	2.22044604925031e-16	2.80176226736385	5.96049593396997
"FHL5__pos"	2.22044604925031e-16	3.83033103595811	8.35943569512804
"FREM1__pos"	2.22044604925031e-16	4.74654757181996	10.3360044721875
"GABARAPL2__pos"	10.0898759389502	3.11306241603944	3.01623339752249
"GLA__pos"	2.55448319102883	5.24995599201152	4.88676815196464
"GPI__pos"	0.0303920745079032	4.3920483395421	8.44317572865864
"GPR63__pos"	7.96301672905466e-09	5.20957839661436	8.32472993717691
"GRXCR2__pos"	6.02561693107863	2.22044604925031e-16	10.4969798637226
"GSN__pos"	3.77306850676148	3.70337379637547	3.95724920577766
"HAGHL__pos"	2.22044604925031e-16	5.25393339340819	8.598620537281
"HCST__pos"	4.8639975865585	1.5955702478879	8.61283814762746
"HIST1H4H__pos"	1.79531889597103	6.24899838697189	6.10115803842753
"HSH2D__pos"	1.51388167844868	2.85203704959127	8.78065722981136
"IPO11__pos"	5.75460915373557	5.69180291499355	3.51440044378974
"ITGB5__pos"	4.16825494014276	6.06855691432004	4.25371035833022
"LAMP5__pos"	2.22044604925031e-16	2.68202762364445	9.67200470252967
"LRRC42__pos"	2.22044604925031e-16	5.81678197570083	6.12707773868207
"LYN__pos"	2.22044604925031e-16	5.61535368445738	7.59426768634403
"MAGI1__pos"	0.405239507119003	5.25161621224015	9.10348276194586
"MAP2K2__pos"	2.49542542152076	3.57238010710697	6.67620653636664
"MAPKAPK3__pos"	0.462706836143991	6.09386739547749	6.85624306614424
"MOB3C__pos"	2.22044604925031e-16	3.99110605985492	8.04656925053018
"MRPS15__pos"	2.22044604925031e-16	2.68233543655872	7.0853816867393
"MYO6__pos"	2.33570313833111	5.64498746618439	5.99828079981068
"NAPA__pos"	4.88023696798539	4.68656906447995	2.97224423925984
"NFIL3__pos"	2.22044604925031e-16	5.8765505193373	6.13255091790928
"OPN4__pos"	6.1945963861828	2.22044604925031e-16	10.3965704544993
"OR10J1__pos"	4.85524919097158	2.22044604925031e-16	11.4053074544765
"OR52E5__pos"	5.73691965001789	2.22044604925031e-16	10.7721697681353
"OST4__pos"	1.97029147423294	6.26912485861537	1.87075709728616
"OVOL2__pos"	4.76698589526493	0.377834076054096	11.07963388184
"PCDHGA12__pos"	2.22044604925031e-16	3.86970295445841	6.86702190829438
"PKM__pos"	1.2009778544929	2.74452863744349	5.36914475280282
"PPAN.P2RY11__pos"	2.22044604925031e-16	4.71219869478507	9.27845392055323
"PRDM15__pos"	2.22044604925031e-16	4.043961958395	7.51101055480948
"PRKAR1B__pos"	2.22044604925031e-16	5.2840451071325	6.82339157185254
"PRTG__pos"	0.139261078049809	4.95782813399621	9.31869906575337
"RABL3__pos"	3.09862851909254	4.86856929115472	5.65786983869575
"RACGAP1__pos"	0.361580280630383	3.56535645579777	5.23405116313765
"RASA4__pos"	2.22044604925031e-16	3.5267997486125	6.18335799838035
"RASSF7__pos"	2.22044604925031e-16	4.4390056322683	9.88104178826934
"RCBTB1__pos"	0.551476138449833	7.96760364555667	3.13704306795931
"RIMS3__pos"	2.34844844864327	5.30988383351486	6.64553042499717
"RMI1__pos"	2.75709376698303	6.58543645673186	4.98018054737507
"SCAI__pos"	2.22044604925031e-16	3.88157504198997	7.16453579694626
"SCO2__pos"	2.93029796328985	2.2229916588601	5.88087904549521
"SEC14L1__pos"	0.0660435741847804	7.23245512977475	1.09386913966101
"SERPINB11__pos"	5.24127656355459	2.22044604925031e-16	10.8842850000715
"SPANXN1__pos"	5.8136335225816	2.22044604925031e-16	10.7644843048752
"SPRY4__pos"	0.228664668755915	3.99215383505829	8.21386885749631
"SQSTM1__pos"	0.00439021599282036	7.76871283344108	0.946727737581357
"SRGN__pos"	3.46376231921921	6.20370019145219	2.48269675594764
"SUOX__pos"	2.22044604925031e-16	5.36383509494812	7.22832293965884
"TBPL1__pos"	0.0545146286025366	6.42139777149365	7.05759366857146
"TMBIM6__pos"	2.22044604925031e-16	5.5934003925285	3.0208454607921
"TMEM50A__pos"	2.75225199614803	3.87213211591155	0.558885025481602
"TMEM91__pos"	1.63923765527191	3.38655974239326	9.47852354149319
"UBE2Q2__pos"	6.67019695823524	2.20122412208692	4.40546558934429
"UBL4A__pos"	2.09849311034517	5.7936606807471	5.99415872030974
"VSIG2__pos"	1.06506671041234	3.83414733452337	9.45845970135366
"ZMYND12__pos"	0.00079655497236742	4.85455957785927	9.19805858866308
"ZNF560__pos"	4.81988935045179	2.22044604925031e-16	11.4968328211723
"ABHD16A__pos"	2.22044604925031e-16	6.31544846330552	7.6043880229174
"ABLIM3__pos"	5.76735596478683	5.24957658790131	3.93655317211535
"ACTR1A__pos"	2.22044604925031e-16	6.60984733685123	3.88281422427969
"ACVR2A__pos"	6.55700735790697	4.18702546829605	2.29090596799952
"ADCY3__pos"	2.22044604925031e-16	5.16378801182798	9.02712903340661
"AHCTF1__pos"	2.22044604925031e-16	5.73335253843284	7.78990582026882
"AIFM3__pos"	3.03199283486286e-09	5.79711122993772	8.23651027088549
"ANLN__pos"	1.89091159018439	2.9982491914617	5.92080549018518
"APEX2__pos"	3.76340022875183	3.45602568990807	5.99090184561562
"AQP11__pos"	2.22044604925031e-16	5.7598017323966	7.88027473542582
"ARMC3__pos"	6.18134282318964	1.73418486546012	7.32400328494248
"ARPC5__pos"	2.94972241189945	5.31287506646712	4.4280828349417
"ASB11__pos"	5.26003376667328	2.22044604925031e-16	11.0590914978544
"BNIP3L__pos"	6.98822581510199	5.2069844568592	2.25259922371945
"BRCC3__pos"	2.22044604925031e-16	3.71166626852256	7.99218028748625
"C16orf89__pos"	2.35540550470692	0.179602893094293	13.5160485892689
"C19orf33__pos"	2.99620432239549	3.14369484444743	8.6763817425501
"C7orf77__pos"	6.0885583423811	2.22044604925031e-16	10.4612815023058
"CABS1__pos"	5.86236623689982	2.22044604925031e-16	10.6892606589622
"CAPZA2__pos"	6.76242478142275	4.75076210468627	2.82638596680615
"CASP5__pos"	2.22044604925031e-16	5.83543251226197	8.65559658826152
"CCND1__pos"	0.394776035334341	5.78687207935811	3.80897229911851
"CERS5__pos"	2.22044604925031e-16	5.6539489032305	7.80717141853093
"CFD__pos"	2.22044604925031e-16	4.50378177600847	10.1222953167942
"CHTF18__pos"	0.301587544636204	4.65366880205676	6.62319955182029
"COPRS__pos"	2.22044604925031e-16	5.82502110058738	7.22159031759576
"CPXM2__pos"	2.22044604925031e-16	4.59738485157003	9.80352381540264
"CRKL__pos"	2.21523757763788	6.19909763127598	4.02493246628133
"CYLC2__pos"	3.69349690575475	2.22044604925031e-16	12.5160116027441
"DBNL__pos"	2.22044604925031e-16	3.48003225771046	9.45463197860086
"DENND6B__pos"	2.22044604925031e-16	2.98532114719685	10.5628699493841
"DMBX1__pos"	2.24519112996549	0.914510062673129	11.1029097667254
"EDDM3B__pos"	5.65495585171088	2.22044604925031e-16	10.8766404869667
"EPHA1__pos"	3.64133704039992	2.22044604925031e-16	6.03969577818585
"FCGR3B__pos"	1.42389466531226	4.67307805720487	6.67328232995615
"FRMPD1__pos"	1.50728199189328	3.02425612715601	10.724832949091
"GANAB__pos"	2.22044604925031e-16	7.24538390549785	4.11136553722416
"GNA15__pos"	1.88817468473629	6.28996872848726	6.1089074939123
"GNG11__pos"	5.19416612998781	4.66201763023099	5.70971464339773
"GPR88__pos"	2.1340432239744	3.26649937419458	9.49313119566368
"HBA2__pos"	7.19992268188491	2.85284671435959	4.77208341203997
"HDGFL1__pos"	4.51132861910024	2.22044604925031e-16	11.8298135222145
"HIST1H4D__pos"	4.03183019693321	1.80886546750081	6.6622484156135
"HRH2__pos"	2.22044604925031e-16	6.49260107101826	6.27149186625525
"HSPB2.C11orf52__pos"	2.22044604925031e-16	3.65300543909519	10.9430956729931
"HTRA2__pos"	2.22044604925031e-16	6.21704412434168	5.97067326663914
"IER5__pos"	0.863262941114525	4.15259646197112	7.21774053394439
"IKBIP__pos"	3.90931841743172	3.25283546215276	5.60738498588553
"KCNK9__pos"	3.32495269574162	2.01017970608671	10.0393452484591
"KRT78__pos"	6.15460435315245	4.01060642077286e-07	10.0665155119303
"KRTAP21.1__pos"	6.08855834327456	2.22044604925031e-16	10.4612815019257
"KRTAP23.1__pos"	6.31316828149077	2.22044604925031e-16	10.3156712271014
"LAPTM4B__pos"	1.93385743190887	7.06862182829086	5.57062399719983
"LILRB3__pos"	2.22044604925031e-16	4.35503422874517	9.82415282110001
"LPAR3__pos"	2.22044604925031e-16	3.56573731117558	10.6750078020599
"LRRTM3__pos"	5.02925911820764	2.22044604925031e-16	10.6138957614955
"MKNK2__pos"	2.22044604925031e-16	4.31794664775104	7.93364171507194
"MRPL48__pos"	2.02981269539971	6.00194988905335	6.61777395281255
"MXD1__pos"	2.51898929816371	5.57692881385864	6.06204924552668
"MYL1__pos"	6.01750351881237	2.22044604925031e-16	10.5226910995685
"NBPF6__pos"	5.09519592938179	3.09284120651567e-13	11.0984085768512
"NOSIP__pos"	2.22044604925031e-16	3.36803778178846	11.1602382325941
"NR3C2__pos"	1.57053630972311	5.67622039172819	7.95135703486916
"OR1G1__pos"	5.49911035858421	2.22044604925031e-16	10.7499691917046
"OR2M2__pos"	6.43370488102019	2.22044604925031e-16	10.147117312611
"OR5D18__pos"	5.68407629923156	2.22044604925031e-16	10.6643600108388
"OR6C3__pos"	6.08855868953945	2.22044604925031e-16	10.4612813546508
"PAGE4__pos"	3.86280348556445	2.22044604925031e-16	12.2803965706826
"PAPSS1__pos"	5.03817969413264	3.38312842820765	3.29571718217299
"PEX6__pos"	2.22044604925031e-16	4.39993926566823	9.26836590118198
"PHTF1__pos"	2.22044604925031e-16	5.79496322203244	5.10135685909505
"PIK3C2A__pos"	3.62886624671864	2.95629636886147	3.20815020757821
"PIM3__pos"	2.22044604925031e-16	3.97357265345366	8.45530850632002
"PLEKHM2__pos"	2.22044604925031e-16	3.00029220384622	9.81170374713718
"POLRMT__pos"	0.193672973777406	4.41692020281578	7.12260622965324
"POU5F1__pos"	0.000233769880277343	4.64348648217876	7.23002632449949
"RAB24__pos"	0.17915994548584	3.8011516912876	8.38372435578855
"RAPGEF2__pos"	6.02809757113677	2.53192025740401	3.73144852885357
"RNF148__pos"	0.266145259220539	4.25455894042237	9.78430724377867
"RUNDC3A__pos"	2.22044604925031e-16	3.78597984092316	8.8106306008642
"SCRT2__pos"	4.28962762169598	2.22044604925031e-16	12.0785994985186
"SIDT2__pos"	1.47500881037206	5.33139352109632	4.55254423961692
"SLC25A11__pos"	2.22044604925031e-16	2.88804497019492	11.0368268476118
"SLCO1A2__pos"	1.57590626693845	3.86702422893442	6.82008523204513
"SOCS4__pos"	4.9907574856083	5.8595790715724	3.46147647190358
"SPANXA1__pos"	5.77914949619999	2.22044604925031e-16	10.8073109421318
"SPINK1__pos"	3.8656958292266	2.22044604925031e-16	12.095120316578
"STRN4__pos"	2.22044604925031e-16	4.39316047324162	8.12411084176862
"TACR3__pos"	5.83763575928174	2.22044604925031e-16	10.716968713357
"TBCK__pos"	2.56136542576655	4.3809044244613	6.76561071713571
"TMEM257__pos"	3.18165090235151	0.620311694839674	12.255979954051
"TMEM41A__pos"	0.443512501233562	7.30468665359475	6.69035262001522
"TRIM35__pos"	2.22044604925031e-16	3.49584177619249	8.0600451990452
"TRMT112__pos"	4.98606568289954	2.92537017260298	5.32602898678993
"TST__pos"	0.0594321944896749	4.79454234644885	9.72920924029449
"TWSG1__pos"	6.52852328976716	4.53179193503714	3.53742098649843
"UGT2A1__pos"	3.4023312666969	2.22044604925031e-16	12.5176691450905
"VLDLR__pos"	0.197619999837807	5.0156786738614	9.79912820924132
"VPS41__pos"	1.9497861100117	5.74923431798118	7.1204992543392
"ZNF215__pos"	4.94228882427849	3.70324084156721	5.8691925737805
"ZNF774__pos"	1.35650952587661	2.89667018841979	9.65664721680075
"ZNF784__pos"	2.22044604925031e-16	3.23840145453956	11.1709026699508
"ADAMTS14__pos"	2.22044604925031e-16	5.95434476579785	7.23075110826039
"ASL__pos"	2.22044604925031e-16	6.32937101029339	7.86534508465798
"C1QTNF9B__pos"	3.54784403809808	2.22044604925031e-16	12.1333294174486
"CBR1__pos"	2.88974505087288	5.04844323542629	4.63884635344566
"CHD9__pos"	2.43385068074931	4.71150719887471	3.57214244481678
"CTNNA2__pos"	3.91364524269954	2.22044604925031e-16	11.8881344299312
"DEFA1__pos"	8.84421047982971	1.25477610296179	6.25454846677654
"DMC1__pos"	0.0819785412326157	5.99704148171012	8.05286152298503
"DNA2__pos"	2.22044604925031e-16	6.81622750159269	6.33822580217228
"DOK4__pos"	2.22044604925031e-16	5.01918143464061	9.46740656248162
"EGR4__pos"	2.39489829211351	1.86031813299706	11.0766615683015
"EMILIN2__pos"	1.07580378684743	3.56894057929336	4.5392839386927
"EPN2__pos"	2.22044604925031e-16	5.03488950727696	9.38744670722563
"FASN__pos"	2.22044604925031e-16	5.30623210211023	6.43941675652258
"FGFRL1__pos"	2.22044604925031e-16	4.00360982162489	10.0338001471566
"FKBP8__pos"	2.5425377933861	5.33861863687356	4.95365159627906
"FLII__pos"	0.894935090489327	4.29797689692995	5.94980855550123
"FOXS1__pos"	2.22044604925031e-16	3.1697910641461	11.7973219107046
"FUK__pos"	2.22044604925031e-16	3.38027810525645	9.28606801140106
"GCH1__pos"	4.82917698559794	4.6684571338312	5.79870435047038
"GMPPA__pos"	2.32215845016847	4.80060155181285	6.03934971651818
"GPKOW__pos"	2.22044604925031e-16	4.69464243708579	3.80592916388374
"GRIK1__pos"	2.63179690104978	1.11677487568618	12.0603871393256
"HBG2__pos"	5.41612670763939	3.56404827414385	6.71492690973162
"HIP1__pos"	2.22044604925031e-16	5.34447058690774	7.63899039648068
"ITGB7__pos"	3.9382448143766	3.17680371510687	5.64025560516076
"LGALS1__pos"	1.68188116005855	5.75860226793286	4.74304384513051
"LILRA5__pos"	2.22044604925031e-16	3.97713896987448	10.2798457384728
"LIMD1__pos"	0.36728265943365	5.30210125747379	6.98715197843777
"LRRC75A__pos"	2.22044604925031e-16	4.34804658595082	8.43307276602031
"LRRN4__pos"	2.03170139620825	2.22044604925031e-16	13.8443507678694
"MAN2A2__pos"	0.709539212742226	5.23470799927708	6.49854424096672
"MARCO__pos"	2.22044604925031e-16	3.62105976227073	7.57006309721784
"MPP4__pos"	1.80178420941721	0.902559181532111	13.0074340933951
"MRPL13__pos"	6.34512650447058	3.43223222049437	5.11846200278779
"MRPL22__pos"	2.22044604925031e-16	5.06263721089383	6.60415979284111
"MT2A__pos"	4.46981765305176	2.38187833064707	5.09667880426654
"MVK__pos"	2.22044604925031e-16	3.0863993843216	9.78431585469199
"NFKBIE__pos"	2.22044604925031e-16	3.5425502335524	7.99924464296497
"NRXN1__pos"	2.22044604925031e-16	5.06671852964874	8.56328042376963
"OAT__pos"	6.66712949070372	4.46038802213574	2.80414677379567
"OR1L1__pos"	3.18968874919191	2.22044604925031e-16	13.0356573327276
"OR4F4__pos"	2.96161164046892	2.22044604925031e-16	13.1637654875199
"OR51G2__pos"	3.26677124641523	2.22044604925031e-16	12.9274993829231
"OSTF1__pos"	6.29854865895117	1.79442911904112	5.54695530328611
"PAPSS2__pos"	0.619545911656744	4.53056891857615	8.33288527720031
"PCNP__pos"	5.97222433866389	6.20678361079532	2.14117892555837
"PIRT__pos"	3.40700152028811	2.22044604925031e-16	12.7478068060926
"PLD2__pos"	2.22044604925031e-16	4.74113846025271	9.77582135806314
"PLXNB2__pos"	2.74644406441275e-08	5.12628262731312	8.75468430933858
"PPBP__pos"	8.82729344594084	1.41657491492802	6.03068761713635
"PSPH__pos"	0.426157206240272	3.86012060930261	10.7551518531781
"RERG__pos"	0.00656849784928297	5.41032748330788	8.42670760465769
"RFK__pos"	3.09477937529454	4.16929417681102	3.19782251263704
"RHAG__pos"	7.63664683438714	2.22044604925031e-16	8.94619147401523
"SCAP__pos"	2.21137058519893	5.30017738686303	6.4355374442994
"SEMA7A__pos"	0.944654580493226	4.55202714084388	8.63400375653327
"SERPINB6__pos"	2.22044604925031e-16	3.69814858178681	9.34840336761887
"SLC25A30__pos"	4.87511466207305	5.01442486787606	5.35553708544514
"SNCB__pos"	2.53273486854056	1.9606159425738	11.3102751126313
"SUGP1__pos"	0.0802695734947307	4.56213231811908	7.69071060903485
"SYTL4__pos"	3.30865114250655	5.1172867644948	6.75515675009402
"TACC3__pos"	0.949330307805863	5.65405555238655	6.55078859576259
"TAX1BP3__pos"	1.41134032210848	4.22935423183524	8.8610372508871
"TMEM191B__pos"	2.73719656321869	0.940999246533214	12.1652924129485
"TMEM8A__pos"	2.44833722549631	2.87711873797641	4.07613220141719
"TNFRSF12A__pos"	2.22044604925031e-16	4.93952140978221	8.33823741224103
"TOLLIP__pos"	2.22044604925031e-16	6.47978898743331	5.75240642856174
"TRAF6__pos"	1.45151016425041	6.04101370590448	4.89427010090891
"TRIM26__pos"	2.22044604925031e-16	4.75492907828104	8.20247080063575
"TUBAL3__pos"	4.67125602657245	2.22044604925031e-16	11.6873078072364
"UBFD1__pos"	1.95861807533455	4.71554465947342	6.42875340879452
"UBL5__pos"	4.01687381969875	2.43451331060498	5.71128064496071
"VAMP7__pos"	11.1859297232214	3.70397367774551	1.44668454706904
"VEGFA__pos"	2.48661511286859	2.64064622989093	7.33226658987303
"VSIG1__pos"	1.47273524423967	5.8150534702176	4.91723789536469
"ZC3HAV1L__pos"	2.22044604925031e-16	5.98906652124097	7.04389032307056
"ZDHHC9__pos"	0.0817031331508339	5.17704776489568	5.90571976222017
"ZP4__pos"	3.15128535992451	2.22044604925031e-16	13.0739101615184
"ACOX3__pos"	0.518010655187977	3.94699920757156	4.1861034779724
"ADAMTS6__pos"	1.93195670488666	5.36542136866654	5.88355904984203
"APP__pos"	4.09118471661639	4.35927745153699	5.74818486955545
"ATG4A__pos"	6.10160272984041	2.98422931089689	5.01826329267895
"ATP5EP2__pos"	3.14868403215587	2.22044604925031e-16	13.0804342776739
"ATXN10__pos"	3.23324326353575	3.44519098529066	4.92409953353134
"BAD__pos"	0.849784614195137	5.35770193896999	7.8411673376312
"BCDIN3D__pos"	0.00707217540641238	5.67282832310686	8.13056114027742
"BOC__pos"	2.22044604925031e-16	4.6963756703898	7.86550448884727
"BPI__pos"	4.63038869993902	2.27833312200006	8.18154214467123
"C1QL1__pos"	4.34508994581461	2.22044604925031e-16	12.0180098261691
"C3orf33__pos"	2.22044604925031e-16	4.40381475953528	7.2583973902674
"CAPZB__pos"	2.94981696740818	4.1019956428863	4.64938985827546
"CCDC102A__pos"	2.22044604925031e-16	4.90979788398521	7.60763241706889
"CCDC60__pos"	2.81158575414389	2.22044604925031e-16	13.2421595142439
"CD14__pos"	2.22044604925031e-16	5.71205676652883	6.2123472587589
"CEP295NL__pos"	2.22044604925031e-16	3.5472293914301	8.69646471719638
"CFP__pos"	1.98412303734916	4.13036101782374	7.31182850750305
"CGB5__pos"	3.20828739089836	2.22044604925031e-16	12.9792753295271
"CPEB4__pos"	4.85151667096889	5.48447342455453	4.12790867300557
"CYP24A1__pos"	2.22044604925031e-16	4.40586611501539	10.8129788514896
"DENND5A__pos"	2.73125646019745	5.77266082143109	2.50122704114525
"DHRS3__pos"	0.194343799864373	7.89784953925942	3.63531878363028
"DHX40__pos"	5.80958906128548	4.31096019669218	3.80423522744472
"ELF4__pos"	0.605009200625284	5.75040514543946	4.20970924142939
"ERVV.1__pos"	2.18679890852464	0.675851627260442	12.4976483688498
"FARSA__pos"	8.86030053102292	3.83320882585239	1.69129611528836
"FLNA__pos"	3.48818292588597	5.71212509108199	5.06687571775787
"FOXD1__pos"	2.22044604925031e-16	4.32389771637274	10.8688318799166
"FPR1__pos"	0.0156004814909016	5.85554590148023	6.5128939040063
"FSD1L__pos"	2.22044604925031e-16	2.73384077863979	5.98901883532021
"GABRR2__pos"	2.22044604925031e-16	4.86869066078241	9.88138762750438
"GADD45B__pos"	2.22044604925031e-16	2.38842320755655	9.63414907788238
"GNAS__pos"	7.01591971312208	0.642845013888755	0.515538948891087
"GNG13__pos"	2.32747521725287	2.22044604925031e-16	13.2000081137079
"GRPEL1__pos"	3.92776097949817e-07	3.98821382721904	9.19751929523714
"GSTM2__pos"	1.76249964149801	4.42947194044168	8.31298707877313
"HES4__pos"	2.22044604925031e-16	4.40334724361071	9.0957639930779
"HIST1H2AC__pos"	3.53826952154994	4.97639241427972	5.25841437939707
"HPDL__pos"	1.82775790664663	2.26416938416941	11.0975361367654
"IFI6__pos"	2.22044604925031e-16	4.86009339703672	7.69260908019875
"IL11__pos"	1.76311863331521	1.45243481422283	11.9480983359029
"IQCJ.SCHIP1__pos"	0.539060919025396	3.82220360032069	10.0068867196151
"ITGA2__pos"	0.488939906581251	5.9323707846027	6.8664287134729
"JAM3__pos"	7.76967661758856	3.71323144645022	2.10781115948255
"KIF7__pos"	2.22044604925031e-16	6.13171072331181	6.51831491463618
"LKAAEAR1__pos"	2.11262414608483	1.19745292455928	12.3980319712637
"LRP1B__pos"	1.99885307401887	4.37281265463885	8.4792514458923
"LTB4R2__pos"	2.22044604925031e-16	4.88399463139273	5.38629197118623
"MAP2__pos"	1.68034941193958	5.04251695178368	5.77088346031636
"MAPK11__pos"	2.22044604925031e-16	4.66504089159835	9.24862339000954
"MAST3__pos"	2.22044604925031e-16	4.02271468386411	8.37419412768501
"MED12L__pos"	6.09411537669977	4.64086341974912	4.80933223256279
"MPO__pos"	2.22044604925031e-16	6.81764591372412	7.87134805163894
"MTRNR2L7__pos"	1.06752634752334	1.91139278510606	12.3739829187224
"NDUFAF1__pos"	2.22044604925031e-16	6.02272605335981	6.53468751220481
"NFKBIL1__pos"	2.22044604925031e-16	5.91978129730849	9.15342604736836
"NME1.NME2__pos"	2.22044604925031e-16	7.00131749783737	6.00420257127446
"NT5C3A__pos"	9.1677364946631	4.46687061108081	1.66688350396088
"NUTF2__pos"	4.98548975835209	4.94789413360036	4.7846683770915
"OR5K4__pos"	3.84334170050824	2.22044604925031e-16	12.3859573150313
"OR5V1__pos"	4.38009309895743	2.22044604925031e-16	11.9877910840536
"R3HDM4__pos"	2.33425532612642	5.08884366690299	6.26888913175423
"RAD51C__pos"	0.856165994876134	3.36674135766506	5.84974467666571
"RERGL__pos"	3.17977874746702	0.302137962594901	12.5837712191921
"RMND5A__pos"	3.71413292356571	3.29033974295312	5.72634380314515
"RNF150__pos"	0.46242522828359	4.54173986792441	8.38489784912714
"S100A8__pos"	4.70064641267877	5.19419281029228	2.86430718628113
"SERPINB1__pos"	5.0933216051243	5.53804304285206	4.18392496518613
"SLC5A4__pos"	0.141663126294509	4.81964743583284	10.2866614864808
"SRD5A3__pos"	2.57287093886251	3.50243745209337	8.84470336431654
"SSR2__pos"	4.54237557315237	3.85198203284169	4.37717366555988
"STK25__pos"	1.96124185560487	5.00862769858634	6.82802376164536
"TCFL5__pos"	1.35270938370705	5.42345293093635	5.76651811823734
"TEF__pos"	0.0418183178545866	2.8940016573652	10.6292882489514
"TEP1__pos"	4.2583668251078	4.84333542680069	4.64993457453543
"TIMP1__pos"	4.37371475910542	5.63634767294231	4.02137240958388
"TMEM140__pos"	0.766684570718273	6.39585963401524	6.14569874512866
"TMEM246__pos"	2.22044604925031e-16	4.97187832387737	9.44996215247401
"TMLHE__pos"	2.22044604925031e-16	6.11229532038949	5.18809350468548
"TOM1__pos"	0.159541840405359	4.61680975384912	7.56306685531099
"TRAM1__pos"	8.52843255058598	5.28340076561341	0.493109306507065
"TSPAN17__pos"	2.22044604925031e-16	6.56285803686102	5.82335259763226
"UBE2O__pos"	2.22044604925031e-16	4.08643799711546	7.78277094951552
"UBXN2B__pos"	2.64707945197682	4.03550272237688	7.7121990405883
"UQCR10__pos"	1.14343576980752	3.61467159148508	8.75532567801261
"VWA2__pos"	0.992098325494288	3.3362306311791	10.9322934447775
"XPNPEP1__pos"	1.52327828895095	5.3824263978979	6.06684243371794
"YIPF3__pos"	1.21627378821098	3.4782096973975	8.21874282132599
"ZHX3__pos"	0.605708723826782	4.08085497036164	10.1464375940653
"ZNF395__pos"	2.38275385887721e-13	4.68538367406946	8.34032672960324
"ABCB10__pos"	4.39850164499558	3.89377151059453	4.80608806054354
"ABI2__pos"	5.14096781862984	4.66062102007663	4.76514511714629
"AFAP1L2__pos"	2.22044604925031e-16	7.84944258629307	4.84050104549585
"AGXT__pos"	2.97838375552243	2.22044604925031e-16	13.1289383557187
"AMACR__pos"	0.175644892739744	4.07735115499056	8.82960669365192
"ANAPC11__pos"	2.22044604925031e-16	3.3864725603028	10.1817044570198
"ANTXR2__pos"	2.22044604925031e-16	7.09608096358497	5.34218175188674
"AOX1__pos"	0.909365713645118	5.16197394016886	7.71665186160905
"AP2S1__pos"	2.46156282822158	4.09036302294439	5.13214467919936
"APOBEC3A__pos"	2.22044604925031e-16	5.42246579408592	6.45936535116188
"ASS1__pos"	2.22044604925031e-16	7.96700761937195	6.43202107323519
"BAG1__pos"	2.22044604925031e-16	2.54125264220757	7.71798291000552
"C1orf198__pos"	2.16435071596217	4.93023853251849	3.54177135757759
"C7orf26__pos"	2.22044604925031e-16	6.06489866723552	6.26196480879276
"C9orf43__pos"	0.0766264477833026	6.42849674762556	7.84003830272328
"CCDC122__pos"	2.59966784092534	3.19328138435397	8.4017017286755
"CCDC83__pos"	2.47609528242663	2.22044604925031e-16	13.3994360181018
"CCZ1__pos"	2.81323709474258	6.01935493761864	6.12907095368864
"CD320__pos"	2.22044604925031e-16	3.39081612751532	10.5190436268905
"CDC123__pos"	1.38843223906563	5.93655033591353	5.01852615176337
"CDK2AP1__pos"	5.11337743999507	4.78334562385148	5.2759971334379
"CHIC2__pos"	0.320148924056018	5.11325325765494	5.19558113709658
"CNTNAP3__pos"	2.22044604925031e-16	6.31818702855395	7.48022083201315
"COMTD1__pos"	2.22044604925031e-16	4.17502845152285	10.0558335910746
"CRELD2__pos"	2.22044604925031e-16	2.45170943581424	6.01679227705999
"DCAF12__pos"	6.53011225641374	5.04036893218135	3.71397945456734
"DEFA3__pos"	8.55542744367648	2.22044604925031e-16	8.05387486517611
"DLL1__pos"	2.22044604925031e-16	5.27177189295828	6.54819241108672
"DPP7__pos"	3.04237619329418	2.26757527461067	6.74486600834745
"FAM189A1__pos"	0.195241294851415	3.90009745676981	10.989027949443
"FBXO9__pos"	4.71740493961217	5.17287788435824	3.92247396172546
"FGF6__pos"	2.96161172194572	2.22044604925031e-16	13.1637654736663
"FRAT2__pos"	2.22044604925031e-16	6.31570075858035	6.33274006645341
"FUZ__pos"	2.22044604925031e-16	5.29469541100185	9.19211283569516
"GCFC2__pos"	0.77578794912207	6.24998392197453	7.1085096273069
"GCM2__pos"	4.49372002781996	2.22044604925031e-16	11.6687201483528
"GJA9__pos"	6.12332919672741	2.22044604925031e-16	9.66804571348941
"GK__pos"	4.71974252422705	2.25915696887084	5.20352405399224
"GNG8__pos"	5.30768728573674	2.22044604925031e-16	11.138037683643
"GOLGA6L2__pos"	3.81874201582189	2.22044604925031e-16	12.447146455519
"HEY2__pos"	2.22044604925031e-16	5.13692655590005	9.21096102787082
"HIST2H2BE__pos"	7.43917462817424	1.09534307071103	2.70987540205666
"HK1__pos"	4.38989624687121	2.86796440588092	6.38907625104043
"HRASLS__pos"	4.8864271144916	2.22044604925031e-16	11.4035764491235
"ICAM5__pos"	0.369664126860805	5.01070006353904	6.98138190126513
"IFNA16__pos"	4.17496105460485	2.22044604925031e-16	12.0440668992778
"IFT140__pos"	2.22044604925031e-16	7.06551142919317	7.26636383065502
"IGF2BP2__pos"	3.62069004890735	6.14334877661994	4.55035401053676
"IL4I1__pos"	0.00412221128402787	6.09470197313268	6.49960632354191
"IRAK2__pos"	2.22044604925031e-16	2.57836066315744	5.76942486500211
"KCNQ4__pos"	2.22044604925031e-16	4.6429433317812	10.1572409344656
"KDM6B__pos"	2.22044604925031e-16	4.49259407738834	9.5483196807423
"KIAA1841__pos"	0.691464938034714	3.77345100086367	5.09566287064082
"LAMA5__pos"	2.22044604925031e-16	5.08344120270047	9.54704795284406
"MAGEB4__pos"	4.2165720688971	2.22044604925031e-16	12.1501358102792
"MBNL3__pos"	8.77184699430282	3.62816666644263	2.99034262233768
"MLH3__pos"	6.51372285701033	4.91689157845448	3.54305491652744
"MOCS1__pos"	1.1031193310224	3.53425309178179	6.288007581939
"MRPL2__pos"	2.22044604925031e-16	4.51351333137096	8.07405420263193
"NLRP6__pos"	2.22044604925031e-16	4.31939553912727	8.4007028776797
"NPNT__pos"	1.01228012180742	6.3488777822852	7.27655057128044
"NR2C2AP__pos"	2.22044604925031e-16	5.35032045147053	8.27233788222299
"NTHL1__pos"	2.22044604925031e-16	4.61709414861359	8.27044842711488
"NUP62CL__pos"	0.698998232101508	4.42247885844757	9.31125827088645
"OR2AG2__pos"	2.22044604925031e-16	8.62030598329122	5.8843970811167
"OR5B2__pos"	3.53538051178715	2.13173878825528	10.16046616584
"PADI6__pos"	3.16368612659902	2.22044604925031e-16	13.061639956098
"PDK1__pos"	5.24778873796573	4.80638366865139	1.01820874743353
"PDP1__pos"	3.92558259773577	5.68488143907873	2.68660613970083
"POLR2L__pos"	0.543232989540712	1.95408282892705	10.3228636742907
"PPP1R14D__pos"	2.60933005251592	2.22044604925031e-16	13.1832565816573
"PRDX6__pos"	5.27993645323705	5.35509545515416	4.70052648425092
"PRLHR__pos"	3.80674801860215	2.22044604925031e-16	12.1746542310474
"PROS1__pos"	4.73545998575269	3.40516527658861	4.55510742931193
"PTPRN__pos"	4.41000240358947	0.953814817123769	10.7474464491075
"PYCR2__pos"	2.84253706228594	4.96535163459812	5.51827905887665
"RANBP17__pos"	0.451026058483334	4.13521995828514	8.48616544476216
"RBX1__pos"	8.48476850311121	3.97622135131215	2.62036241238966
"RHD__pos"	3.76805017196754	3.50887434986739	7.16973801847143
"ROGDI__pos"	6.46120923950218	1.8847778529061	3.69813815740973
"S100A9__pos"	3.04576661315193	7.22981471080106	3.97450311418049
"SCYL2__pos"	6.18452041280369	5.2563779247853	2.71236341016593
"SELENBP1__pos"	2.22044604925031e-16	5.78520433104116	5.80366115332016
"SLC25A37__pos"	7.03020165559472	4.79399496759814	2.9167590084349
"SLC35A2__pos"	0.56754531158999	3.95826837901116	7.42941493814519
"SNAPIN__pos"	1.70058278843795	3.88955357642973	2.13201445923772
"SOX2__pos"	2.04929800007648	3.26366764781051	10.1185130465181
"STAC__pos"	0.163242216897124	4.10677556691744	9.11164467259495
"STXBP2__pos"	3.59165415443882	3.55599459507447	4.9874111800843
"SULT1C4__pos"	0.966632773108446	2.91319824165788	8.8046768499531
"TAF6__pos"	2.22044604925031e-16	3.63444691235504	9.29109134525811
"TGFB2__pos"	1.84374659570011	5.33988830544494	4.48913152136313
"TPM1__pos"	5.45384197464086	1.05275814779722	3.3938046000861
"TRAM1L1__pos"	2.22044604925031e-16	5.20360251593809	9.34502773536781
"TSEN2__pos"	3.30483933013051	3.83192594945903	5.64252789684899
"TSPY4__pos"	3.19519988023944	2.22044604925031e-16	13.0147379529237
"UGGT1__pos"	0.788782003167312	3.02589641944385	9.54727511569631
"UQCR11__pos"	2.70951156673817	3.69833979288057	6.01890206549502
"VCL__pos"	6.48119309103479	4.24746936600854	3.56196496625884
"WNT10A__pos"	2.22044604925031e-16	4.68301221821495	9.72205044155932
"ZNF671__pos"	2.1397273509077	5.93157863575003	5.39641113015053
"ZNF782__pos"	1.67321734191741	6.13575323147549	6.54695960325841
"ABCA7__neg"	13.1931951723143	2.96118042875105	2.22044604925031e-16
"ABCF3__neg"	8.57791501416656	5.1658561404045	1.68675154622681
"ACO2__neg"	11.504709209192	2.47907007494795	0.427449163618512
"AICDA__neg"	7.93466459509335	7.56037502412592	2.22044604925031e-16
"BIRC7__neg"	4.80574240588479	8.72581397196103	2.22044604925031e-16
"C19orf60__neg"	15.1613290525131	0.193215632742563	0.573022821612001
"C1orf185__neg"	0.0102334972672042	14.1891356296603	2.22044604925031e-16
"C2CD4C__neg"	11.4080275336001	4.09074326206699	2.22044604925031e-16
"C2orf66__neg"	1.65354353381632	12.6724106436098	2.22044604925031e-16
"C6orf62__neg"	3.69094263868709	1.96958503943556	8.69070430701977
"CA1__neg"	2.62427942359945	10.840030926301	1.15875995048553
"CCHCR1__neg"	11.0244961257575	0.786534622922855	2.22044604925031e-16
"CD58__neg"	5.4559707175024	1.6146973193441	6.62457876336409
"CDC23__neg"	5.6444469139501	2.25894236079876	7.1245549387393
"CDC42__neg"	2.22044604925031e-16	4.38744952188037	9.29280358453768
"CEP41__neg"	5.53960508994013	5.61633738044513	1.5833384883529
"CFAP161__neg"	5.08359924426588	6.82917128240554	3.00166599856906
"CIB1__neg"	6.33349707107394	4.91390604305161	2.02663626247825
"CNNM4__neg"	9.82334938201461	4.15103824915271	0.195643039143483
"DDAH2__neg"	12.3648962588455	3.31163121603217	2.22044604925031e-16
"DLGAP4__neg"	10.8068999225436	3.29121764844968	2.19694962930369
"EID2__neg"	4.94453779031903	4.40184675114331	2.78353921556166
"ENGASE__neg"	8.60254402133468	4.29335005955719	2.7806853198824
"EPOR__neg"	8.66968682899305	3.91779058856546	2.78051352768636
"FAM98C__neg"	10.9523355118469	4.60751140724068	2.26718187788946e-15
"FBXL6__neg"	7.00519337403009	5.69644088513668	2.81137095943937
"FBXO21__neg"	6.52787701917648	2.27291291985746	0.905060539016569
"FHL5__neg"	3.15594237961421	8.91014754826696	2.22044604925031e-16
"FREM1__neg"	9.25132677053516	6.18386892711437	0.746955390998641
"GABARAPL2__neg"	0.588955194852642	5.11611758772416	9.00671837865465
"GLA__neg"	6.69966168848598	1.98691405966089	4.92194062497823
"GPI__neg"	7.51914498935801	4.84670273914423	1.4669059629391
"GPR63__neg"	9.39036547335427	4.06447599312833	1.47859783345904
"GRXCR2__neg"	0.311412504277812	13.9224262368017	2.22044604925031e-16
"GSN__neg"	6.53521672587675	1.89837331924281	3.57121291289572
"HAGHL__neg"	12.143083367883	2.6773648223916	0.960472262299701
"HCST__neg"	4.95432608681402	6.73705981524802	2.83450350174271
"HIST1H4H__neg"	5.13790539931092	4.03598922175791	5.66582533287713
"HSH2D__neg"	10.6168361394895	3.67587209837969	2.22044604925031e-16
"IPO11__neg"	2.89517630611254	3.35449554373536	8.57701027948539
"ITGB5__neg"	6.08939701615514	2.86805536522095	6.14168349664902
"LAMP5__neg"	9.69486149743945	3.186174716001	0.734219670439294
"LRRC42__neg"	7.4912552008785	3.35354253738302	2.38365646270809
"LYN__neg"	9.78766824748303	4.83533768731205	2.22044604925031e-16
"MAGI1__neg"	9.32261054241645	3.47115450812914	3.37054944509088
"MAP2K2__neg"	10.4100003433466	2.41589688463698	1.11815370183463
"MAPKAPK3__neg"	12.6125230871407	1.1122865110825	1.87866537164421
"MOB3C__neg"	8.55588519151832	3.57838396365952	1.1096666123855
"MRPS15__neg"	7.00831624296213	3.60992372979278	2.22044604925031e-16
"MYO6__neg"	7.84903874133094	2.75634060525927	4.43593019096964
"NAPA__neg"	5.80648329601	4.86320205984531	1.97590031937187
"NFIL3__neg"	12.1808976414817	1.2179886650393	0.769986128427446
"OPN4__neg"	2.22044604925031e-16	14.2063426171566	2.22044604925031e-16
"OR10J1__neg"	2.67277599695857	11.9886006662831	2.22044604925031e-16
"OR52E5__neg"	2.22044604925031e-16	14.1883475416536	2.22044604925031e-16
"OST4__neg"	2.51629929898809	3.63034128243909	4.3244333692922
"OVOL2__neg"	2.21125429617314	12.1907837240344	0.191658237905329
"PCDHGA12__neg"	12.2086561345608	0.546482588492539	2.22044604925031e-16
"PKM__neg"	4.56360974781757	4.74080137771129	0.249740208324711
"PPAN.P2RY11__neg"	10.4776159053231	4.91343453835495	2.22044604925031e-16
"PRDM15__neg"	10.2536452665835	1.92944882805842	0.993549738204647
"PRKAR1B__neg"	8.78284048589819	4.41685445326122	0.194201632447566
"PRTG__neg"	9.6269637604348	5.64028739982609	0.362261212498282
"RABL3__neg"	6.55701827994706	3.70435443916411	3.95967593147391
"RACGAP1__neg"	2.53291879205424	4.47308303077877	2.35107924985714
"RASA4__neg"	11.2327802640271	0.00110140111868051	0.384226489314774
"RASSF7__neg"	13.1326613615922	2.81978048939093	0.3262565950376
"RCBTB1__neg"	5.94747772037188	1.38866290956421	5.76745488022709
"RIMS3__neg"	7.41395249145772	4.08030518537535	3.63084508793344
"RMI1__neg"	5.61867029590213	2.23464638786136	7.33067918957218
"SCAI__neg"	6.57941480266626	2.72893683062431	2.7561408959344
"SCO2__neg"	8.19807749692693	2.76549512254035	0.726703459456313
"SEC14L1__neg"	2.06972954815213	1.67529134175105	5.5232879256328
"SERPINB11__neg"	2.22044604925031e-16	13.9031006936692	2.22044604925031e-16
"SPANXN1__neg"	2.22044604925031e-16	14.2412167104249	2.22044604925031e-16
"SPRY4__neg"	9.59573656104413	3.40581366560817	0.768379753795859
"SQSTM1__neg"	4.76571570023304	2.35636719129929	2.83228162211345
"SRGN__neg"	5.87900083402387	2.49213276414095	4.51025244891963
"SUOX__neg"	14.1241219411618	0.873323418829549	2.22044604925031e-16
"TBPL1__neg"	6.03900442400838	3.38984931252658	5.24647715449598
"TMBIM6__neg"	3.30339973386633	2.16568068324734	3.96610569758732
"TMEM50A__neg"	4.04419489209023	1.27210505608212	2.32491347617553
"TMEM91__neg"	8.41785093369498	6.18056512795182	0.522404472307325
"UBE2Q2__neg"	4.4471714331419	5.4452192732154	2.73017669117652
"UBL4A__neg"	3.49835943076085	4.43517951024245	6.29043631149967
"VSIG2__neg"	8.27993709432517	6.74117231814479	2.22044604925031e-16
"ZMYND12__neg"	5.43494774240538	8.43920586022728	0.527331727363651
"ZNF560__neg"	0.792160007713543	13.5095983440976	2.22044604925031e-16
"ABHD16A__neg"	8.88487656085545	2.42747692039338	4.23609268429883
"ABLIM3__neg"	3.75455711473957	4.89807807903053	6.0658271110717
"ACTR1A__neg"	6.31316538319622	2.65596667119453	2.81020914467034
"ACVR2A__neg"	2.22044604925031e-16	5.0971302881399	6.94882705666752
"ADCY3__neg"	10.5715016488593	5.06514815301927	2.22044604925031e-16
"AHCTF1__neg"	16.3682426540639	2.22044604925031e-16	2.22044604925031e-16
"AIFM3__neg"	13.6028692492872	2.62229308962	2.22044604925031e-16
"ANLN__neg"	1.91557942376077	3.4585383137239	5.38917272106312
"APEX2__neg"	8.1625685148885	2.49778947708663	3.25126953839171
"AQP11__neg"	9.97255158529599	5.09363319276407	2.22044604925031e-16
"ARMC3__neg"	2.17488126773072	11.4634231184304	2.22044604925031e-16
"ARPC5__neg"	2.29950213286716	3.39059161423483	7.12123753325739
"ASB11__neg"	0.0363412635497681	14.0470640836299	2.22044604925031e-16
"BNIP3L__neg"	2.22044604925031e-16	3.16458643801247	10.5565850904779
"BRCC3__neg"	10.8470570988945	1.41940040296005	1.15893037033993
"C16orf89__neg"	5.79518158302977	9.39365539629624	0.327762212023576
"C19orf33__neg"	2.43838310555017	10.2628469759551	1.26561939175049
"C7orf77__neg"	2.22044604925031e-16	13.3477092751312	0.925016758775572
"CABS1__neg"	2.22044604925031e-16	14.2113559078029	2.22044604925031e-16
"CAPZA2__neg"	4.83852513548893	2.70703587107562	6.75496755252713
"CASP5__neg"	10.3269591575511	4.0337801616532	1.72791121430778
"CCND1__neg"	2.88385730579903	3.99738391577061	3.64173769872675
"CERS5__neg"	6.01054770257725	4.53277245748709	3.85554257410204
"CFD__neg"	12.994171463496	3.50439350311629	5.7822083253766e-08
"CHTF18__neg"	11.2626240286306	1.22032255470721	0.956535428629373
"COPRS__neg"	10.896843087283	3.32694749867501	0.573487497109206
"CPXM2__neg"	11.9786517989557	4.10210771702041	2.22044604925031e-16
"CRKL__neg"	3.59977771045797	2.41202404724252	7.02698812336924
"CYLC2__neg"	1.12113789964696	13.2943563802287	2.22044604925031e-16
"DBNL__neg"	12.516874738144	2.25049963755485	2.22044604925031e-16
"DENND6B__neg"	11.5555725727195	3.50475963061145	2.22044604925031e-16
"DMBX1__neg"	2.507425604598	10.7246175878302	2.22044604925031e-16
"EDDM3B__neg"	2.22044604925031e-16	14.2186835871288	2.22044604925031e-16
"EPHA1__neg"	7.02732475447858	2.7306578002467	0.085907642762571
"FCGR3B__neg"	4.89718744531096	7.85660221640277	0.141956260432163
"FRMPD1__neg"	9.78306920605525	6.24649281511661	2.22044604925031e-16
"GANAB__neg"	6.95291304869542	3.65531974242692	2.08249822400098
"GNA15__neg"	6.4679030171807	3.89549237900616	4.80555598527627
"GNG11__neg"	5.19234924529846	4.65388343482491	5.72030311915535
"GPR88__neg"	4.0354548142537	9.71010754129511	0.705923102127077
"HBA2__neg"	1.90578524455687	6.13037849133577	5.71384157559795
"HDGFL1__neg"	2.22044604925031e-16	14.1869212786043	2.22044604925031e-16
"HIST1H4D__neg"	2.31843120265828	5.96977274864842	3.52994915360236
"HRH2__neg"	9.60197624701071	1.7373808012787	3.24493994437787
"HSPB2.C11orf52__neg"	6.74796595614909	8.25202769211185	0.0122773004577755
"HTRA2__neg"	8.49212341544747	2.62180464816268	2.61727114509553
"IER5__neg"	7.59723614278278	2.69997500439031	3.00835301450299
"IKBIP__neg"	4.57610956725415	3.42995355258386	4.83473907680225
"KCNK9__neg"	1.50620270375223	12.4831833958329	2.22044604925031e-16
"KRT78__neg"	0.800146406599404	13.2537238034356	2.22044604925031e-16
"KRTAP21.1__neg"	2.22044604925031e-16	13.3477092754641	0.925016758798643
"KRTAP23.1__neg"	2.22044604925031e-16	14.2258047711759	2.22044604925031e-16
"LAPTM4B__neg"	6.32691434819668	2.10104321016085	7.28135199745943
"LILRB3__neg"	10.504706922276	4.37740731532105	0.72058690900828
"LPAR3__neg"	6.85316207104466	7.02598969651789	0.915804600673883
"LRRTM3__neg"	1.32605802385086	12.4602310727587	2.22044604925031e-16
"MKNK2__neg"	10.9653857192819	2.92596340925496	2.22044604925031e-16
"MRPL48__neg"	4.71507611059834	5.60819861998005	4.7335618060422
"MXD1__neg"	6.51496364662497	3.24285389757471	5.19624504348577
"MYL1__neg"	2.22044604925031e-16	13.3490119302388	0.923572534481326
"NBPF6__neg"	2.22044604925031e-16	13.9823592919374	2.22044604925031e-16
"NOSIP__neg"	11.553491502857	4.42790881242782	2.22044604925031e-16
"NR3C2__neg"	9.36628296625965	3.30716326040567	3.84035897854178
"OR1G1__neg"	2.22044604925031e-16	13.9829422270876	2.22044604925031e-16
"OR2M2__neg"	2.22044604925031e-16	14.1677362908987	2.22044604925031e-16
"OR5D18__neg"	2.22044604925031e-16	14.049912700039	2.22044604925031e-16
"OR6C3__neg"	2.22044604925031e-16	13.3477094044871	0.925016767740138
"PAGE4__neg"	0.931491527742668	12.7307903606149	0.699426876287637
"PAPSS1__neg"	3.61696486124967	4.36915442746869	3.43082385338683
"PEX6__neg"	13.1309240975857	2.02169682286885	0.55658959711156
"PHTF1__neg"	7.4849788337382	0.177009671221996	4.86092902898359
"PIK3C2A__neg"	5.24488761699018	2.08315193446561	2.77953116354313
"PIM3__neg"	13.0680095013433	1.20593635986843	0.229619801541174
"PLEKHM2__neg"	14.1976009013631	0.782641674955309	2.22044604925031e-16
"POLRMT__neg"	13.7342373117276	0.285959232137593	2.22044604925031e-16
"POU5F1__neg"	9.01273675625312	4.01379791572294	0.13903521420618
"RAB24__neg"	1.64147302541434	6.69262455299727	3.91419206715707
"RAPGEF2__neg"	2.7302855532394	3.12025145452773	5.92933287909289
"RNF148__neg"	7.20409759692655	6.92838591556351	0.82371777914553
"RUNDC3A__neg"	5.32007673164643	7.28490280072063	0.333533080197577
"SCRT2__neg"	0.670338855648028	13.7159421142238	2.22044604925031e-16
"SIDT2__neg"	5.69310074206101	0.131191997918242	6.67239127388599
"SLC25A11__neg"	11.096374622265	4.19294144193093	2.77977862484309e-11
"SLCO1A2__neg"	9.6484148940047	3.72574554514842	2.22044604925031e-16
"SOCS4__neg"	4.57825929111628	1.94443633172391	8.15862193364632
"SPANXA1__neg"	2.22044604925031e-16	14.2529636444187	2.22044604925031e-16
"SPINK1__neg"	2.22044604925031e-16	13.9229267136153	2.22044604925031e-16
"STRN4__neg"	12.1294969348191	2.26550830985958	2.22044604925031e-16
"TACR3__neg"	2.22044604925031e-16	14.2170695285746	2.22044604925031e-16
"TBCK__neg"	6.09635907158371	3.61969550630885	4.55440670688528
"TMEM257__neg"	3.25274868645509	10.9458855115347	0.746774047706639
"TMEM41A__neg"	8.1885008964933	2.56357321383221	5.25307456986329
"TRIM35__neg"	10.6701810408307	2.44799388917421	2.22044604925031e-16
"TRMT112__neg"	6.89367061035642	5.01195139889548	1.36401773593936
"TST__neg"	7.70786091245872	5.63157326799356	2.19100534609748
"TWSG1__neg"	5.22575701766231	3.05230968116741	6.30361788702393
"UGT2A1__neg"	1.51227616939882	12.7639707434555	2.22044604925031e-16
"VLDLR__neg"	7.61736770244402	5.39535482109544	2.96562355062891
"VPS41__neg"	4.62014406900571	3.49668741034614	7.30997915452886
"ZNF215__neg"	4.90505914021243	5.25825027540867	4.17736040948343
"ZNF774__neg"	9.90226654765286	4.94498052489867	2.22044604925031e-16
"ZNF784__neg"	13.8576378955942	2.51172566434441	2.22044604925031e-16
"ADAMTS14__neg"	11.3503793456538	1.33680181688678	2.54049031233339
"ASL__neg"	10.5613193411179	2.50300787780927	2.97986913976437
"C1QTNF9B__neg"	3.26318314509898	9.57688324203403	1.76164867446567
"CBR1__neg"	0.876453804776239	2.84032797132986	8.82694007353378
"CHD9__neg"	5.2568346247007	2.22044604925031e-16	6.35591491742869
"CTNNA2__neg"	3.54357007270464	10.3280113106905	0.757512718663936
"DEFA1__neg"	2.22044604925031e-16	9.81945260150895	4.40272772205868
"DMC1__neg"	10.4784333946768	4.51905985978744	0.706266715311313
"DNA2__neg"	8.37308642547051	2.85549730811177	3.49291449323501
"DOK4__neg"	11.1459518104628	4.86985539827863	2.22044604925031e-16
"EGR4__neg"	3.08102318259517	11.3163124966255	2.22044604925031e-16
"EMILIN2__neg"	4.9877134779874	3.094674271519	1.6842001946093
"EPN2__neg"	10.6617576869602	3.72512471663738	1.62506353013339
"FASN__neg"	11.785669226171	1.39911416945733	0.585319703874459
"FGFRL1__neg"	10.4726147682347	4.529875333401	0.39931453622523
"FKBP8__neg"	4.34065632757898	4.64787777067662	4.16542666997279
"FLII__neg"	12.7402601565166	0.430684294697843	2.22044604925031e-16
"FOXS1__neg"	10.4895940533059	5.63364133075138	1.54952799358842e-13
"FUK__neg"	13.9089767792563	0.913511139073911	2.22044604925031e-16
"GCH1__neg"	3.01957708154924	4.29518635069635	7.77650076734329
"GMPPA__neg"	7.50408586661046	5.06850785429105	1.263812815419
"GPKOW__neg"	5.79966910866932	2.0148893027428	1.76451662218413
"GRIK1__neg"	4.44599470761266	8.59262712422147	2.20412555727317
"HBG2__neg"	3.64542659544503	6.77230009325008	4.68834075436642
"HIP1__neg"	12.2432634349041	2.0707168332906	0.68721625028437
"ITGB7__neg"	10.533668967268	3.12279117187322	1.30038935953392e-13
"LGALS1__neg"	9.3534380044682	4.05644407281233	2.22044604925031e-16
"LILRA5__neg"	8.29092847459357	6.0493994895451	0.81688265805145
"LIMD1__neg"	7.7743933849126	3.57320063812767	2.50230620848713
"LRRC75A__neg"	13.9983790184392	1.04220833729604	2.22044604925031e-16
"LRRN4__neg"	4.4728131889728	10.5843002139259	2.22044604925031e-16
"MAN2A2__neg"	11.1753466897274	1.91013424171498	1.13929110455722
"MARCO__neg"	7.90455559551694	3.63553456853483	0.722451556010303
"MPP4__neg"	5.87698603609729	9.45815027667139	2.22044604925031e-16
"MRPL13__neg"	4.31001986227336	4.69898505119279	5.47289238693786
"MRPL22__neg"	6.3632293310823	3.95094266462521	2.33721116184555
"MT2A__neg"	1.59441870746662	2.65639884243612	7.27740559956321
"MVK__neg"	12.0672365039989	1.7589579583349	0.826836199707729
"NFKBIE__neg"	8.61739694671752	2.87460080467803	1.29214555886446
"NRXN1__neg"	11.080382768751	4.15300825316704	2.22044604925031e-16
"OAT__neg"	2.89099740054408	4.26999850504925	6.2787745916442
"OR1L1__neg"	2.22044604925031e-16	14.2442939574577	2.22044604925031e-16
"OR4F4__neg"	2.22044604925031e-16	14.1820497043935	2.22044604925031e-16
"OR51G2__neg"	2.22044604925031e-16	14.2068269762625	2.22044604925031e-16
"OSTF1__neg"	0.377958471863911	3.62027736031152	8.639582116503
"PAPSS2__neg"	9.23676506633627	4.76744417839609	0.622778639493658
"PCNP__neg"	1.42843540939029	1.75144541950104	11.0077232860829
"PIRT__neg"	0.430555502817575	13.8184299908812	2.22044604925031e-16
"PLD2__neg"	11.4285118823273	4.64972850747234	2.22044604925031e-16
"PLXNB2__neg"	12.8676778613256	1.89979176223807	1.21085652719045
"PPBP__neg"	2.22044604925031e-16	9.64994993381712	4.53155360458574
"PSPH__neg"	9.26006841898378	5.63651173028434	1.15093695037761
"RERG__neg"	7.77896847482506	4.47657111342098	2.74459754121368
"RFK__neg"	8.74553644518956	2.54761013889228	0.112047918209711
"RHAG__neg"	2.22044604925031e-16	13.9899237978831	0.0358617617001737
"SCAP__neg"	10.3930552628244	3.54748591581312	1.30763754196117
"SEMA7A__neg"	10.2338987138337	3.55740488782281	1.70843205962713
"SERPINB6__neg"	11.1325750131989	2.4401645664415	1.12170493260157
"SLC25A30__neg"	5.64166276436599	3.47609584060428	6.39855782455274
"SNCB__neg"	3.98333722115299	9.51240415306409	1.68406457061145
"SUGP1__neg"	10.88075334996	3.07957875155825	2.22044604925031e-16
"SYTL4__neg"	7.06569969488149	4.79242371737364	3.8682723168781
"TACC3__neg"	8.13902653324758	3.75561507750286	2.44181020218758
"TAX1BP3__neg"	7.27466186039962	7.31166629658045	0.376325119069505
"TMEM191B__neg"	4.75581806996702	10.3401800879608	2.22044604925031e-16
"TMEM8A__neg"	2.55121591957998	3.17547653472965	3.65643524056726
"TNFRSF12A__neg"	7.8767631891371	6.320166232516	2.22044604925031e-16
"TOLLIP__neg"	10.5058542907103	2.53508815818595	1.04606517502881
"TRAF6__neg"	10.5014658406378	2.22044604925031e-16	3.77033926575919
"TRIM26__neg"	13.563950951587	1.5797464678171	2.22044604925031e-16
"TUBAL3__neg"	2.22044604925031e-16	14.1830541468485	2.22044604925031e-16
"UBFD1__neg"	6.90103348577322	1.79450328654786	5.39573944533757
"UBL5__neg"	3.05821295054433	6.08659191350895	2.49082232484273
"VAMP7__neg"	0.0647094444223888	3.43708656791177	11.3541639941077
"VEGFA__neg"	6.42970963399686	4.35962035569657	2.0186289238305
"VSIG1__neg"	9.89923159657591	1.3949498031088	2.53506498151117
"ZC3HAV1L__neg"	12.8712784235856	1.27092030038906	1.15071945726789
"ZDHHC9__neg"	7.95851684814245	1.72145068978609	2.92928428892844
"ZP4__neg"	2.22044604925031e-16	14.2488601522391	2.22044604925031e-16
"ACOX3__neg"	6.19783570443614	2.65150955235968	0.713561441688946
"ADAMTS6__neg"	6.56625574036461	2.61714456278191	4.92529601470002
"APP__neg"	4.34777502448056	5.26484637574616	4.522438695585
"ATG4A__neg"	5.53640436866793	2.64027787285017	5.88807180130926
"ATP5EP2__neg"	2.22044604925031e-16	14.2527169016665	2.22044604925031e-16
"ATXN10__neg"	2.25157933381109	4.87394435396398	4.18847841053859
"BAD__neg"	11.7199564116463	3.95653198822531	2.22044604925031e-16
"BCDIN3D__neg"	10.7714695120427	2.95483987555799	1.84074065539861
"BOC__neg"	8.13138968874012	3.21083955007859	2.48488251180946
"BPI__neg"	2.46177969614133	10.2073475066582	1.26503538045608
"C1QL1__neg"	2.22044604925031e-16	14.2270802433348	2.22044604925031e-16
"C3orf33__neg"	12.9660286739437	0.84320523033258	2.22044604925031e-16
"CAPZB__neg"	5.30342063788347	2.87869780338749	3.97151865682241
"CCDC102A__neg"	11.997959349321	2.4188342691917	2.22044604925031e-16
"CCDC60__neg"	3.40997733620049	11.4776071248918	2.22044604925031e-16
"CD14__neg"	9.74108957006629	1.94457572419706	1.97047882377828
"CEP295NL__neg"	13.6766248326159	0.729782748272411	2.22044604925031e-16
"CFP__neg"	10.1299385891493	4.375476256282	2.34598234161636e-13
"CGB5__neg"	2.22044604925031e-16	14.2079372097744	2.22044604925031e-16
"CPEB4__neg"	4.54984861549079	3.14168235123547	6.98603331499177
"CYP24A1__neg"	9.83076503053814	5.72223838422779	0.857240339794431
"DENND5A__neg"	4.04791437196989	2.16830061029786	5.35937965175834
"DHRS3__neg"	10.1686758109929	1.60180946653607	1.99523236792857
"DHX40__neg"	9.02973484816511	2.86489020123337	2.62443244022085
"ELF4__neg"	8.46923659647029	0.49303670775625	3.24173980043054
"ERVV.1__neg"	1.9977443845355	12.0957723927416	2.22044604925031e-16
"FARSA__neg"	2.22044604925031e-16	4.22788674842656	8.91129690941466
"FLNA__neg"	10.9925913432079	0.930597986860699	3.88232630840632
"FOXD1__neg"	12.8255772726783	4.12929088735365	2.22044604925031e-16
"FPR1__neg"	6.82004543724298	3.65292703813644	3.07410798195398
"FSD1L__neg"	3.43589175538489	2.86843709980047	2.87030275211394
"GABRR2__neg"	11.0365942614848	3.944549491451	1.36751623039116
"GADD45B__neg"	8.86382024919679	4.16840272906452	0.000106707110228114
"GNAS__neg"	1.03477561834385	2.60463518522818	3.50978374544625
"GNG13__neg"	2.2231516835264	11.9873796580275	2.22044604925031e-16
"GRPEL1__neg"	7.78091918668153	3.12744705115728	3.42712467177501
"GSTM2__neg"	11.5072413332302	4.3311844990686	2.22044604925031e-16
"HES4__neg"	12.6808152295771	2.2046616169772	0.57392612133852
"HIST1H2AC__neg"	3.71358833097346	6.24962054648906	3.69529114470015
"HPDL__neg"	5.155413469419	9.67982288480454	2.22044604925031e-16
"IFI6__neg"	11.4123709182563	2.90226393432407	2.22044604925031e-16
"IL11__neg"	4.78639075272124	9.87255071676435	2.22044604925031e-16
"IQCJ.SCHIP1__neg"	6.48374483767767	7.19276205108418	1.13228356191349
"ITGA2__neg"	7.06446139553806	3.03203120504983	4.39904052636384
"JAM3__neg"	5.07750115692878	4.01896533115231	4.09558021731415
"KIF7__neg"	13.9066221850158	1.17033968828363	2.22044604925031e-16
"LKAAEAR1__neg"	5.50377113711259	9.35037614434954	0.428226619102892
"LRP1B__neg"	9.13664664609693	4.17738832500118	2.52702998768179
"LTB4R2__neg"	12.4624386848949	2.22044604925031e-16	0.0303363579587824
"MAP2__neg"	8.8690884053225	3.86120276531329	0.867668648111654
"MAPK11__neg"	12.6828481332746	2.49034228393533	0.698434635171793
"MAST3__neg"	13.2652333390552	1.23528317581303	2.22044604925031e-16
"MED12L__neg"	3.87554910218013	4.39671763946828	6.99742216312005
"MPO__neg"	8.61531619239684	4.27271657825536	3.2470177202548
"MTRNR2L7__neg"	7.50801903804743	7.34593241048019	0.782578754203224
"NDUFAF1__neg"	9.87097305524593	1.96200437206146	2.50567651851728
"NFKBIL1__neg"	15.0860247971769	2.41582310239072	2.22044604925031e-16
"NME1.NME2__neg"	7.28478757600115	3.01738272643844	4.12518708075342
"NT5C3A__neg"	2.12725464949865	2.43351290623029	10.0060091676665
"NUTF2__neg"	6.17004987794587	3.9890778715016	4.82392518514311
"OR5K4__neg"	2.22044604925031e-16	14.1678280825386	2.22044604925031e-16
"OR5V1__neg"	2.22044604925031e-16	14.2271099730639	2.22044604925031e-16
"R3HDM4__neg"	7.99253818116483	4.44316180952337	2.09453604153568
"RAD51C__neg"	8.98033732689101	1.46169480793941	0.940464115729592
"RERGL__neg"	2.96693486484572	11.8182839144789	2.22044604925031e-16
"RMND5A__neg"	2.40539392160716	2.5473742425396	7.68114113709754
"RNF150__neg"	5.85883527823661	4.79536896087674	3.43982179575689
"S100A8__neg"	2.06022908341486	3.12437310057149	7.4410731625255
"SERPINB1__neg"	2.91670390481539	3.42537015042087	8.4073595689824
"SLC5A4__neg"	8.79617064400569	5.39666130809383	2.16722319550178
"SRD5A3__neg"	5.62848121982996	6.05227353627078	3.37691953057944
"SSR2__neg"	0.447600681912352	5.07605456155048	6.55900454217653
"STK25__neg"	10.712317325901	2.3383448407301	2.22533955845754
"TCFL5__neg"	12.8499716460886	0.394851647289013	1.40504504008899
"TEF__neg"	11.1548048820861	3.81835955738172	2.22044604925031e-16
"TEP1__neg"	5.83820604631383	2.37484947294853	6.02130973379886
"TIMP1__neg"	3.8968426126922	4.27933679747948	5.93800334610744
"TMEM140__neg"	6.71720261477659	2.23165960982567	5.61969089545
"TMEM246__neg"	8.48299881053781	6.01158927115964	0.96576829474998
"TMLHE__neg"	6.87427453421669	2.7663401640429	2.95655121835077
"TOM1__neg"	10.7664196019965	3.17004784720925	2.22044604925031e-16
"TRAM1__neg"	1.07301404278643	3.57140201579129	8.83456237233099
"TSPAN17__neg"	9.83079857114156	1.74234118712157	2.67143251811652
"UBE2O__neg"	13.8183887406692	0.334353797355429	5.32672038633159e-12
"UBXN2B__neg"	3.25609876611239	5.4583325288812	5.60838690920313
"UQCR10__neg"	8.49311835548432	5.01565453779101	0.850072632356406
"VWA2__neg"	9.05424081759477	5.87777316109346	1.14677646826145
"XPNPEP1__neg"	14.2585143797212	2.22044604925031e-16	1.0277213149657
"YIPF3__neg"	10.5436861765061	3.17948439276886	0.488656797854893
"ZHX3__neg"	8.67694564854889	5.96582160875042	1.08099338186608
"ZNF395__neg"	5.5081599258842	5.62822483715676	2.53455434705099
"ABCB10__neg"	3.48363183439827	4.34117405415196	5.10074390876718
"ABI2__neg"	5.51629615597847	3.01947847360631	6.26026739629
"AFAP1L2__neg"	8.0575162929742	2.17537804936335	4.16746312959137
"AGXT__neg"	2.22044604925031e-16	14.1637110325804	2.22044604925031e-16
"AMACR__neg"	11.7224091789892	2.41358757136314	0.694822254719994
"ANAPC11__neg"	10.4754339894716	4.4041172079782	2.22044604925031e-16
"ANTXR2__neg"	6.98410778308701	3.90481774836097	2.84421147418876
"AOX1__neg"	8.77699308350588	4.45791117949044	1.69758414894577
"AP2S1__neg"	7.4266514310107	3.97460166499059	0.969376870076216
"APOBEC3A__neg"	6.68288473239408	6.03908972020042	2.22044604925031e-16
"ASS1__neg"	10.9283246643589	2.4951635951407	3.05367046407143
"BAG1__neg"	4.14271232260475	4.51992161011764	1.94390573211445
"C1orf198__neg"	4.50388953608446	2.41490314349686	4.30851223581701
"C7orf26__neg"	11.0335914061203	3.11193858068363	3.80264610445471e-12
"C9orf43__neg"	8.50666235353637	4.29262730419848	2.92232106420532
"CCDC122__neg"	8.42869896786762	4.6266525973254	1.77477337168489
"CCDC83__neg"	2.22044604925031e-16	14.0161405971561	2.22044604925031e-16
"CCZ1__neg"	4.00346769985976	2.83290653861682	8.63315863775967
"CD320__neg"	14.2700681890494	1.67665353111791	0.0865024560610849
"CDC123__neg"	7.93452888514564	2.78990366818507	2.84964436692323
"CDK2AP1__neg"	4.36504860583711	4.39420508706314	6.35417760378426
"CHIC2__neg"	7.06975272960799	4.09969586247193	0.485903136594118
"CNTNAP3__neg"	13.0418965562864	2.89851456268658	2.22044604925031e-16
"COMTD1__neg"	10.1881462854445	5.30309213829868	2.22044604925031e-16
"CRELD2__neg"	9.64879962459057	0.357105782109317	2.22044604925031e-16
"DCAF12__neg"	0.100721873888434	4.53419993532319	9.8318014718965
"DEFA3__neg"	2.22044604925031e-16	13.4639835119776	0.520706851444198
"DLL1__neg"	10.9259544371285	1.64655663822636	1.12456954354223
"DPP7__neg"	12.094731359606	1.29462486421262	2.22044604925031e-16
"FAM189A1__neg"	11.3262947695678	5.13484716982302	2.22044604925031e-16
"FBXO9__neg"	3.89404810677229	4.09498388360831	5.82910519230224
"FGF6__neg"	2.22044604925031e-16	14.182049755412	2.22044604925031e-16
"FRAT2__neg"	11.7457268952405	0.525775183006877	2.60059497632249
"FUZ__neg"	14.0061206381063	2.23175507425585	0.483053220367974
"GCFC2__neg"	8.89773122452889	2.46343368062141	4.28714055691662
"GCM2__neg"	0.0222840003895866	14.0105216217555	2.22044604925031e-16
"GJA9__neg"	0.624840770128293	11.2263909816731	1.97367278296468
"GK__neg"	2.22044604925031e-16	5.94342787486826	5.19791405965106
"GNG8__neg"	0.723712628764214	12.6243643551357	1.10338488566263
"GOLGA6L2__neg"	1.13810064626993	13.2415194047769	0.0832978982019159
"HEY2__neg"	9.99559374949073	5.42058604491251	0.257716428893512
"HIST2H2BE__neg"	1.30049565605768	4.20486612052623	4.56780203092851
"HK1__neg"	3.45939773980423	5.60907197611529	4.15425396759304
"HRASLS__neg"	1.87117770638597	10.951319442153	1.86801440569771
"ICAM5__neg"	13.892822670678	0.765926960010303	2.22044604925031e-16
"IFNA16__neg"	2.22044604925031e-16	14.117961374949	2.22044604925031e-16
"IFT140__neg"	13.9897472885233	2.23295971243459	0.533388077609038
"IGF2BP2__neg"	7.38088653253193	1.62591152082698	6.30897294490412
"IL4I1__neg"	7.86556249379914	2.21935239397067	4.00182872699368
"IRAK2__neg"	2.34632426363884	3.91636562129887	2.25817925531734
"KCNQ4__neg"	11.7062837896358	4.67903037834399	2.22044604925031e-16
"KDM6B__neg"	8.54875531558839	5.70224288096424	0.818888600126833
"KIAA1841__neg"	9.16568064863384	0.970221058756115	0.87965231554049
"LAMA5__neg"	12.8333423770512	3.6905673025564	2.22044604925031e-16
"MAGEB4__neg"	2.22044604925031e-16	14.2460700050351	2.22044604925031e-16
"MBNL3__neg"	1.87101011435256	3.73785803757843	8.83282315052167
"MLH3__neg"	1.93647179688161	4.29407985257759	8.18947295563307
"MOCS1__neg"	5.89064772717395	3.03261710475358	2.70650889550572
"MRPL2__neg"	9.65336870927797	3.60596179348869	0.737251894164647
"NLRP6__neg"	9.56994219912513	4.43648796934667	2.22044604925031e-16
"NPNT__neg"	9.46573852891015	2.98434298387136	3.70078722786519
"NR2C2AP__neg"	10.9120824671479	4.30538395530378	2.22044604925031e-16
"NTHL1__neg"	13.5985361487219	1.47626512812308	2.22044604925031e-16
"NUP62CL__neg"	8.18134948521596	4.54279389670383	2.71119661102722
"OR2AG2__neg"	11.1971311455426	1.23221910065	4.3982292257007
"OR5B2__neg"	4.51370554285624	8.14515460972164	2.64798737111654
"PADI6__neg"	2.22044604925031e-16	14.2474596021656	2.22044604925031e-16
"PDK1__neg"	2.16757189087584	2.25948447298167	6.50400289594153
"PDP1__neg"	1.75519863886603	4.35103203905582	6.04118701112511
"POLR2L__neg"	8.85078009735558	4.78899594799439	2.22044604925031e-16
"PPP1R14D__neg"	2.22044604925031e-16	13.9250138502918	2.22044604925031e-16
"PRDX6__neg"	2.21198707153671	3.91399070727725	8.94974599290217
"PRLHR__neg"	3.05179521270627	11.5697269364966	2.22044604925031e-16
"PROS1__neg"	4.79565098462273	5.64741179170443	2.01715266515549
"PTPRN__neg"	2.00074163231669	12.5258315411652	2.22044604925031e-16
"PYCR2__neg"	3.51440157109927	4.47078281261653	5.48593444273182
"RANBP17__neg"	7.89357715329564	5.98777603488755	2.22044604925031e-16
"RBX1__neg"	2.22044604925031e-16	4.20838021568848	9.69598886871549
"RHD__neg"	9.29050027298058	4.98812634626043	0.756907192261923
"ROGDI__neg"	4.53354063632432	3.66431519859952	3.39120048157287
"S100A9__neg"	7.75331819690683	1.76481354956847	5.964909573253
"SCYL2__neg"	2.20883910573002	2.88021522292817	8.78277637610016
"SELENBP1__neg"	11.7532438339172	1.12732836868807	0.80993851505299
"SLC25A37__neg"	1.60241887334665	2.24059628868621	10.4386581408982
"SLC35A2__neg"	7.71093756461549	1.07605450559781	4.4511451365225
"SNAPIN__neg"	6.75659374587312	0.678249236471745	1.32263360774035
"SOX2__neg"	5.72451567119553	7.79767934662464	1.91541328825524
"STAC__neg"	15.0154608729343	0.331312455064936	0.46129922815635
"STXBP2__neg"	7.96979085515227	2.62472063417347	2.23606304272603
"SULT1C4__neg"	9.45398046512236	4.23858619912387	2.22044604925031e-16
"TAF6__neg"	10.1875131808689	3.48885063697619	0.647886493052964
"TGFB2__neg"	8.66185853824919	2.55396200687176	1.68523521757533
"TPM1__neg"	1.90616899161635	1.76395547448539	5.67141367096024
"TRAM1L1__neg"	7.79763875932256	6.55453297908882	1.10811784842641
"TSEN2__neg"	3.16006198783883	4.29285730360571	5.25662719381972
"TSPY4__neg"	2.22044604925031e-16	14.2297213611228	2.22044604925031e-16
"UGGT1__neg"	9.56605585722901	4.79508024895156	2.22044604925031e-16
"UQCR11__neg"	7.97439850507925	2.88923028454761	2.36573295598803
"VCL__neg"	1.74788075692002	3.71431024036795	8.24386391469692
"WNT10A__neg"	12.318492199514	1.65359139284756	2.43437226768931
"ZNF671__neg"	10.9197426787782	0.858104670781414	3.43308584994388
"ZNF782__neg"	6.77250129031198	3.17746776247226	5.41966277676367
